000506
000524
000831
000908
002007
002076
002124
002175
002178
002218
002288
002383
002413
002426
002540
002618
002659
002700
002710
002720
002741
002821
002829
002837
002862
002866
002912
002937
002971
300005
300026
300039
300050
300066
300083
300114
300151
300159
300160
300254
300276
300278
300280
300287
300319
300320
300324
300336
300358
300369
300380
300388
300479
300501
300506
300509
300542
300583
300607
300646
300655
300660
300674
300684
300706
300716
300725
300728
300731
300775
300778
300815
300871
600132
600172
600467
600531
600636
600767
600856
600888
600900
601016
601028
601206
601399
603066
603127
603220
603302
603477
603600
603719
603819
603927
688001
688002
688003
688004
688005
688006
688007
688008
688009
688010
688011
688012
688013
688015
688016
688017
688018
688019
688020
688021
688022
688023
688025
688026
688027
688028
688029
688030
688033
688036
688037
688039
688050
688051
688055
688056
688057
688058
688060
688065
688066
688068
688069
688077
688078
688080
688081
688085
688086
688088
688089
688090
688093
688095
688096
688098
688099
688100
688101
688106
688108
688111
688116
688118
688122
688123
688126
688127
688128
688129
688133
688135
688138
688139
688155
688156
688157
688158
688159
688160
688165
688166
688168
688169
688177
688178
688179
688180
688181
688185
688186
688188
688189
688196
688198
688199
688200
688202
688208
688215
688218
688219
688221
688222
688228
688229
688233
688256
688258
688266
688268
688277
688278
688286
688288
688289
688298
688299
688300
688301
688309
688310
688311
688312
688313
688318
688321
688330
688333
688335
688336
688338
688339
688356
688357
688358
688360
688363
688365
688366
688368
688369
688377
688378
688379
688386
688388
688389
688390
688393
688396
688398
688399
688408
688418
688466
688488
688500
688505
688508
688513
688516
688518
688519
688520
688521
688526
688528
688529
688536
688550
688551
688555
688556
688557
688558
688559
688561
688566
688567
688568
688569
688577
688578
688579
688580
688585
688586
688588
688589
688595
688596
688598
688599
688600
688688
688777
688788
688981
689009
