600327
002316
603839
603378
002725
002115
002279
002074
603158
600513
600211
000860
603888
002837
603700
603600
002430
002973
002971
002918
002969
600215
002529
000700
002504
000758
603138
002107
600637
603727
002945
603608
603808
002245
000818
603877
002594
002867
600114
000793
603005
603527
000518
603688
002793
601233
603520
600195
002886
600789
002532
600652
002240
000572
600319
002207
603966
000981
603887
600276
600186
002751
002967
600206
603239
600084
600636
600232
002684
002212
000977
600570
603809
603883
603367
600060
002258
002427
002134
601789
601058
000756
002467
000668
603518
002642
002851
600769
002798
002702
002715
002274
002278
603787
002404
002823
000155
603596
000063
600436
600733
600850
600477
603208
002150
002508
002940
600161
002065
603496
002181
601360
603313
600088
002125
002242
000541
002208
600571
601028
600207
600612
002137
002439
002010
002165
002453
603605
000157
601138
000811
002166
002254
002869
600213
603650
600118
603416
000868
603989
603456
600588
601828
603598
002679
002436
601965
603225
002315
000338
603826
603833
000821
002326
600390
002826
600037
603801
002853
603268
002841
002609
600055
002287
002435
002651
603507
600326
002612
601162
600066
002545
601177
600764
600160
002409
600615
002939
600676
000906
000716
000677
002950
002850
600594
600039
002111
603345
603489
603019
603226
000034
002407
603279
600563
000078
603707
600966
601899
603916
600988
600546
002870
002483
600418
002734
002799
600526
603016
600967
002762
000938
000786
002653
600136
002639
002649
002827
600222
000890
603816
600354
603228
002582
603590
600699
600203
600821
600515
600754
603117
601168
603999
600285
002346
002020
603331
002579
601222
601128
603332
601068
002318
000729
002113
600818
603676
600548
002123
002153
000788
000982
600630
603613
603039
600179
601066
002647
002206
000807
002603
002692
002769
002581
601100
002740
603156
002891
603583
002385
603633
600246
600862
603786
600861
002709
603218
603266
002569
603063
002723
002796
603558
600461
600129
002695
002089
601901
002389
603123
002589
002195
002560
000910
002897
002763
002353
601012
603259
603050
600812
002224
000597
002805
002595
002955
600233
600346
600768
603586
600019
002942
600393
603160
002035
600665
603006
601366
600052
603358
002879
002657
600157
603657
002792
002648
600698
600138
603758
603053
603009
603277
600006
000897
002391
002053
000007
002037
603288
603918
600284
000550
601968
002591
002410
603196
002507
600267
002519
000953
603379
002449
600158
600491
002422
002541
000909
600367
002268
603716
600583
002549
603689
002675
603359
002217
002077
601878
600673
000603
600311
000333
000425
600600
002405
603797
603997
002739
002283
000950
601958
600998
002868
002429
002005
002223
600396
600763
600808
002586
002570
600030
002621
002913
002901
601808
603501
002227
600686
002574
603167
603133
600897
603377
603286
000710
603018
603220
600874
000661
603002
600449
601558
600890
601375
600321
000703
000413
600306
603733
000722
002677
000882
600811
000651
601933
603718
002352
002821
600958
002534
000750
002931
600638
002907
002493
002324
002180
600871
002489
603679
000861
601318
600193
002563
002009
603283
600801
000601
002264
600658
002210
002749
002683
000815
600361
603557
000156
603365
600585
002865
600814
000635
000936
002301
000933
000903
603536
600793
600415
601717
002445
002890
600122
002557
603429
600510
000665
600783
600847
000961
600085
600258
603338
000783
603709
601633
600928
002441
000800
600315
000816
601882
603385
600864
002331
600517
600978
002773
600837
603333
603898
603567
002001
000757
000570
603738
000671
603015
002701
603937
600278
600332
601555
603056
601567
600865
000898
002790
603217
002661
002281
002571
601117
002860
601086
600433
600547
603013
600369
002238
002864
600489
000682
603326
000972
600997
000949
002806
603078
600061
000957
601088
600048
002578
000708
600724
603233
600726
601198
600100
600589
002158
603698
603113
603043
002237
603768
002213
600781
600771
000960
601928
603701
600845
601658
603099
002081
002440
002085
600095
600340
002420
002753
000408
603041
002191
600766
603929
600688
600329
002963
600535
002155
600959
600701
000027
600094
002129
600653
603789
000828
002159
002259
000727
603505
002857
603680
603977
600816
603189
000799
002952
002225
600599
603677
600595
000420
600620
601500
600497
603896
601108
000153
603779
600929
600421
600275
002145
002433
600531
603587
600662
002200
600490
600408
600735
601601
600760
600826
603444
600613
601038
002849
600375
002660
603606
603848
603000
002966
600486
000919
002082
600498
002810
603317
000166
002885
002161
600993
002629
603610
000656
603901
000862
603300
002038
002926
002198
000416
002716
000517
000001
000733
002336
002069
002768
002487
000429
603298
002012
603127
600577
002470
603040
000422
601881
002933
603990
000702
600642
002948
603515
601398
603383
600012
002276
002494
000505
600968
000737
000753
600521
603939
000590
000728
600106
002197
601877
600287
002956
601997
600033
603986
601015
002003
002929
002776
603088
600252
600068
002618
000751
603987
600038
600533
603297
002665
603648
600708
603083
600282
002112
603068
603299
600645
002046
600703
601019
002062
603393
600727
600439
002700
000739
000856
601288
000407
603319
002311
600755
000712
601319
600621
000901
600559
600981
000611
601069
600210
603703
601008
600247
002887
600058
600082
000825
600611
600000
600962
603192
603798
002345
000040
002831
600707
600488
600426
600750
000685
600867
600419
000060
000563
002424
600446
600020
603685
600479
000686
600420
002349
603663
600155
603661
002807
002293
002333
002045
002898
002335
000966
600705
600675
600903
002290
603260
002313
600782
002369
000776
000301
600459
000020
002758
603858
000915
000978
601003
002321
000426
603579
601169
002733
002863
600741
002390
603351
600648
601857
002233
002670
002478
603926
002556
601211
600838
002064
600804
000893
600717
603315
002309
002871
002829
002889
600099
601949
603629
000917
002271
601699
002252
600917
601231
600740
600372
002708
002608
000069
000045
000935
601006
600266
002500
000768
601336
002460
603838
600059
601225
601800
002403
603100
603615
603813
000987
000039
002144
600283
600120
600650
000553
000951
002203
600410
000802
601200
603726
002465
000885
002597
600062
002602
600859
601595
000401
603080
600004
603991
603559
600999
002757
600519
002058
603199
600640
600779
603866
603970
603967
603878
603616
603611
603589
603339
603311
603222
603121
603116
603077
603066
603017
601988
601929
601880
601818
601788
601669
601668
601619
601618
601588
601328
601212
601137
601099
601077
601016
600975
600965
600919
600891
600854
600820
600817
600807
600796
600795
600749
600744
600743
600732
600691
600687
600679
600664
600643
600622
600601
600581
600578
600575
600558
600551
600539
600428
600400
600398
600355
600348
600343
600333
600307
600301
600299
600256
600234
600228
600226
600221
600196
600162
600151
600148
600145
600123
600109
600091
600064
600057
600056
600035
600028
600015
600008
002930
002923
002917
002902
002896
002856
002846
002822
002795
002788
002770
002761
002756
002697
002673
002620
002588
002566
002565
002553
002551
002543
002542
002526
002523
002516
002505
002479
002450
002442
002423
002418
002413
002401
002379
002371
002344
002339
002306
002267
002263
002231
002222
002219
002215
002162
002130
002122
002110
002102
002014
001965
000983
000980
000952
000937
000926
000900
000886
000848
000806
000803
000797
000792
000767
000760
000735
000726
000709
000698
000683
000680
000667
000632
000589
000585
000573
000571
000559
000548
000545
000521
000520
000506
000409
000042
000037
000032
000029
000025
000009
000005
603658
002008
600593
603706
603535
002601
603499
000526
002120
603038
002364
603868
002736
600036
600720
600070
002007
002419
002050
601166
603289
600054
002185
002616
600487
603861
601009
603321
000065
600619
603980
600655
603090
603912
603818
603985
002066
002797
002664
600843
600893
603958
000736
603203
600909
002044
600841
600587
601939
600029
600933
600382
600746
603161
600987
603960
002513
002355
603055
603822
603882
600623
000738
000852
002968
002750
600016
000650
002958
600051
603067
600773
601998
002029
601002
600605
603368
002307
002286
600259
002061
600351
600971
002839
002032
600292
000859
603320
601330
002960
000096
002949
002432
603829
002527
002148
002026
600192
002288
002059
002434
603959
600831
002253
000711
601727
601985
002791
600628
600730
002550
603269
000752
603079
000928
002564
601916
002373
000713
002693
002932
600608
002899
002936
002347
002809
002832
000989
600153
000790
600560
600624
002835
000637
002728
000501
000002
600279
000837
002183
601098
600522
603969
603380
002128
000777
600365
002469
600104
002561
002093
601339
600269
002457
002367
600880
000922
000068
603466
603387
000404
601608
000997
000530
002828
603899
601228
600083
002910
603811
601018
600130
002399
601199
600774
603656
600063
000923
002088
002327
002086
002421
000666
000791
000652
003816
600027
603105
601992
600352
603108
600647
603036
002568
601377
002013
000996
002658
600792
600780
603007
000779
600868
002812
600824
600566
002098
000959
000657
603693
002443
000557
603060
601186
002275
600960
600633
600689
601718
600250
002396
600209
000838
600582
600009
002154
002394
600503
600881
600456
000999
600395
000831
601908
600879
002687
600984
600901
002028
000059
601229
601216
601798
600300
600190
600982
002097
601577
600125
601106
002775
600077
603681
002785
600225
002905
601390
002617
002302
600748
601996
000869
600309
600172
600383
601975
002959
600115
002282
600011
603655
600815
600381
002626
603876
600693
600429
603357
601163
600227
000090
002024
601518
000430
600376
002731
601860
000402
600894
000516
002802
600475
000537
600159
000552
600678
600668
600325
000968
600317
002518
603915
601118
600603
002011
600635
002817
600530
002737
002295
000905
002380
600097
002623
000993
603687
002816
000012
002767
601101
000150
600202
000509
603776
603458
000899
601611
600767
601991
600261
600121
600180
603843
000599
600337
000598
000543
600219
002671
601766
603908
002304
603859
603699
603267
000528
000610
600745
000630
600323
002300
601515
603198
603717
601127
600555
600248
601021
600184
600888
600168
600697
002030
600976
603619
002852
002555
603922
600089
002147
000615
600753
600969
002152
002522
600690
603183
000023
601001
002305
002179
000560
600528
002818
601598
600777
002928
002598
600223
603919
002946
600527
600389
600682
002317
000623
002572
001872
600716
600979
002459
600201
000766
002243
002546
002033
600822
002381
600723
600119
601607
600090
600425
002840
002228
000778
600188
600961
002043
603903
601519
002406
600590
600335
002883
000762
603612
600067
002900
000628
001696
600502
002387
603697
600794
002232
603639
600936
002911
603356
002178
002156
002091
603766
600023
000423
601636
601368
002294
603059
000619
603069
600663
603708
600872
600989
002146
002490
000014
002506
600898
002042
601158
600791
000061
603900
603725
600729
000088
601007
000415
002226
600518
603963
603678
600500
600320
002689
001896
600422
000523
600618
603569
601005
600113
603588
600139
603098
000582
600834
600798
600170
600117
000929
600163
000531
601600
000605
600483
600858
603556
002859
000888
603486
600271
600992
600137
000554
600970
603755
603111
603042
600031
002921
002972
600079
603337
002880
600288
002925
603817
600765
000920
601888
603885
002270
603599
600596
002539
002497
600853
600182
603806
000540
002027
002400
002133
000626
002325
603909
600549
600481
002486
601898
000558
000785
601918
603855
600178
000595
002641
002250
600128
603737
600185
002712
600293
601326
600870
002342
002073
002041
000707
002090
600857
603139
600828
601799
000823
600803
002377
000419
000055
000498
002136
000019
600508
002272
002431
600639
002521
600939
002691
000639
600674
000011
601688
600272
000715
002393
600851
002357
002498
600368
600080
000099
603058
601188
603686
601020
002060
603585
002474
603637
600827
000532
601838
600557
002262
600322
600230
600076
002374
000732
603803
000780
603101
600873
000895
002016
603027
600866
000878
600435
002034
600017
002296
000631
600310
002121
603076
002455
002663
600660
000612
600586
002247
600649
600305
002395
002209
600896
600683
600260
002876
000629
000551
600018
002662
000533
600644
002184
002781
002368
600977
002908
600606
002732
603618
600025
600776
600328
600671
600081
002360
600468
600318
002051
002953
600908
000819
000006
000539
000985
600212
000958
002025
603086
601107
600995
000755
600875
000930
002189
002039
000883
000151
600397
002719
603886
002193
002095
600331
603995
600116
600787
600187
600380
601369
600711
600289
600010
002056
600208
601000
603856
600386
002652
000880
600657
600069
600098
600540
002172
600072
002576
000428
002299
002881
600482
001979
000877
600377
002256
603227
601866
002202
600722
600295
600983
600298
600848
600684
002388
600177
002630
600626
600844
600569
600467
002544
002135
000591
002777
600387
000566
600290
002386
002047
603683
000616
603988
600809
600695
000718
601179
000507
603517
600050
000008
600146
600889
600236
002585
600111
603568
600350
600308
002847
002690
600617
002177
601966
603800
600714
600561
002699
002643
002915
002251
603757
600360
600836
600543
000720
002372
600444
600833
000822
002638
002746
000717
600736
002341
000809
002072
000921
002269
000863
002075
000782
002682
600756
002458
600855
002109
600511
002265
600339
002142
600565
002398
002221
002192
600356
600336
601113
603488
600810
002174
600156
002659
002624
600277
002099
002615
002462
002685
002698
002461
603045
603601
601858
000568
002771
600438
600149
603711
603978
600537
002204
600692
002447
000965
002669
600103
000514
603188
600133
603506
601989
600257
002528
000701
002536
000948
000584
603308
601666
002533
600545
002632
002627
002511
002408
000826
002825
603778
603388
603323
000056
601616
603010
603968
600191
000690
002485
603336
600362
002584
603001
603566
000519
601865
000004
000546
600580
002132
600173
603214
600143
000581
002230
002884
002397
600176
600829
002118
000587
600132
002314
000593
002040
600805
600728
002882
002338
002778
000159
000608
002004
000600
601886
600706
603335
000030
600021
600108
002606
603955
603871
000100
603186
603508
002718
002600
002480
000705
002895
600392
002234
600895
600512
600819
600189
601388
002495
000990
002614
603179
002329
002402
002186
002472
002375
600197
002496
000975
603126
002157
000524
601218
002246
600702
002022
600742
002297
002138
603669
603327
603238
600759
002412
603777
603085
601801
000538
002168
000830
603976
002782
000719
603278
601111
600466
000969
002927
000669
000967
002943
600562
000534
600273
600757
002558
601869
603860
002343
603316
603185
600532
002087
601689
002873
002628
002951
601155
600719
600229
002667
603917
603938
002334
600237
000050
002858
600704
000089
002214
002779
000902
603109
002417
000504
600713
600297
600718
603696
002361
603998
000525
000925
603012
002499
000017
603983
601579
002575
002151
002382
000529
601011
603003
600863
603369
603879
002454
603318
603329
002622
000565
002838
000048
603363
603159
603636
603928
000813
600604
603767
603399
600110
603500
603115
002054
600823
603668
603979
002813
600470
000881
002765
600007
600525
603232
002607
000723
603177
601615
002573
002755
002376
002092
603187
601606
000812
600576
000638
002249
600312
601126
600462
600316
002055
601990
002322
000725
000544
002108
002562
002078
603665
600218
002383
002676
002348
000829
603106
600523
600886
000850
002538
600926
000502
002554
603096
000606
603823
600423
600493
002580
601512
600255
600165
000913
600602
002512
002370
002646
600313
000070
600830
600598
000513
000801
600661
603032
600882
002149
603730
002363
603551
603895
002830
601678
002310
603029
601298
600373
000761
600572
002015
600634
600694
000421
603026
603322
600358
002748
603889
601777
000488
000911
600371
601890
601677
002437
600366
002378
600220
603602
002068
000687
002337
002114
603728
600385
600509
000617
600249
600751
600885
002644
603128
002049
601116
603626
603528
601698
603169
002559
002937
600073
600345
002833
603022
600150
600529
601969
002096
002808
000695
002920
000049
603355
603131
601226
002019
600022
600379
002650
603863
002535
603181
600739
600758
000031
603258
600685
601311
000721
600251
600800
002285
000576
000036
603790
002938
000932
002721
600198
600737
002488
603136
601238
000912
600127
002350
600166
600550
603667
603906
000789
600738
603386
000851
002481
002031
603828
000659
002244
603992
002241
600126
000798
600216
600231
002789
600403
002633
002308
600405
002127
002218
600973
000858
600734
002482
600985
600775
000410
600696
603200
600667
000691
600458
002451
002772
002332
000678
600217
600573
600609
601811
600496
002255
002726
600900
000596
002187
603993
600797
002463
000833
002672
002340
600616
002312
002456
002587
600448
600597
603577
002080
002205
000688
002484
002706
002747
002801
000970
002236
600725
000010
002705
000627
002466
600990
002941
600778
002745
000839
002866
600135
601333
002492
000609
000796
603390
600835
603165
603303
601208
603301
600584
002366
600568
000062
002916
600715
002476
600200
600370
601566
600302
002893
600391
600291
000417
603166
603897
000620
002248
600460
600353
002935
002735
603810
002448
002104
600839
600359
603021
600303
002842
002194
002722
603421
002787
600086
002674
000672
601816
000810
000411
002384
002171
002619
600506
000962
601919
600552
600770
002446
002836
002583
000836
603360
002610
603031
603530
000586
600338
000035
600869
002514
000567
002714
603659
600262
002786
002517
002800
600495
603722
000536
603118
600884
002530
002425
002819
002820
002540
002520
002328
002947
002845
600463
603869
600399
002170
002843
002491
000998
002729
601258
600887
000663
603236
002444
600520
002803
600963
603609
600731
600096
002438
600075
601599
603020
000555
600241
600199
600996
600641
600171
603093
002106
002824
600860
603956
002678
002392
603330
600507
603538
002124
002100
000697
600480
002686
600825
002261
600078
603229
600629
002567
000403
603025
002774
601010
000681
603739
601952
600710
600681
002475
000876
603328
002071
002636
000503
002611
601872
002471
000058
002892
600416
002196
002303
600802
002694
002083
000564
603880
002188
002742
002724
600409
002875
600980
002703
600499
002319
002139
002625
603089
600280
600152
600516
002743
000066
603033
002023
600469
000918
002919
603129
000547
002468
600107
603516
603348
000887
002593
600883
600235
000607
000759
000622
002358
002216
002605
600388
603256
000731
002811
002909
000692
002002
002164
000973
002365
600846
000016
002877
600281
603519
000835
000875
002199
002330
002362
600167
002741
603867
000655
600785
002169
600538
000046
002084
603305
600112
603690
002727
002631
002017
600455
002094
603799
002634
002848
002167
002906
000636
002599
002815
600877
600093
002190
603927
000613
600363
603389
002524
002182
002965
002502
600071
002912
002780
002076
603103
603180
002510
600239
002426
600876
600183
002320
000158
002668
002163
002067
002101
601628
600268
002211
002531
000931
000633
002048
603638
603168
000038
000028
002452
002117
601139
603881
603223
600026
603607
603936
603398
002688
600265
000889
600856
002220
002057
600141
002284
603306
601999
002354
002592
000625
000592
002140
000927
002903
000561
601700
000400
001914
603666
603028
603477
002766
603713
002175
603729
603023
002273
002922
002503
000676
002201
002637
002141
603110
603825
002416
600651
603030
002730
603721
603819
603603
600243
603035
600654
603309
600790
603662
603630
600567
603920
600378
002415
002862
000021
000673
002176
603890
600677
000795
002298
002738
002547
002707
000892
002173
601900
600986
002961
002160
600784
600476
603081
002414
600761
002501
000510
600592
002752
002548
600501
002962
002713
002537
600478
002036
002635
002783
600169
600175
603712
000679
002760
002277
002696
002717
002359
000026
000820
603197
603933
002552
002052
002640
002613
002235
603008
002878
002759
002464
002239
002872
600053
603578
603982
002229
002855
002681
603396
002654
603788
603555
603815
002119
002126
601236
600242
002888
600536
603011
603773
002103
002006
600238
002666
002957
600105
002079
002590
000955
600452
002509
600101
600614
002655
000971
002515
002711
600712
002356
603996
002577
603595
600556
600721
002289
002280
603580
002861
600666
600485
000670
002323
002021
002656
000988
603617
002105
002970
600330
600579
002116
002645
603366
600505
000662
603660
603178
002291
000976
002063
002428
002266
002131
603157
603037
603533
600406
603628
002292
000908
002351
002411
600131
000963
002473
002596
600892
002975
002604
002260
000995
000939
603893
603719
603290
603195
600610
600074
