stock_index
002415
002044
000333
002773
300782
300676
600989
688036
601233
601601
002938
688023
300759
688099
600519
601238
601162
002422
002468
002382
600221
002049
002705
000564
002413
300630
002385
300038
002747
603501
603198
601615
300398
601128
300767
300568
002741
600885
300002
600609
603181
600624
000042
002405
000923
688288
000723
603039
300158
601012
300415
600512
000061
603855
002352
000858
601155
601058
002488
300229
300272
603980
300638
300177
688388
600346
300129
300573
688019
603927
600559
603566
601318
002662
600028
300185
300669
300222
002714
600036
603358
603726
002685
300360
002759
000796
688299
600958
002130
000627
002956
002303
300227
603816
002803
300685
000651
002554
002840
688012
002617
603488
300445
601888
002548
000166
300563
300059
603679
002022
300462
601696
300121
300223
000882
300642
600499
002111
300138
002293
603718
300145
300651
300687
002959
000417
300709
300338
300151
600180
002317
603568
300012
600728
002812
300771
300271
300464
002436
002595
603863
002284
300499
300015
002836
002610
002841
002458
002906
002558
601077
002050
600161
600861
300232
002215
300578
300691
000975
688020
603587
300636
002849
002024
002304
001979
688007
002142
688321
002785
600570
300505
603161
603590
002829
000501
300787
002493
300041
601002
300737
688389
300396
000990
603355
600511
688068
300243
601866
002195
600754
603288
688369
002125
300498
002853
000861
300072
600265
600580
300486
600208
300513
300253
688333
603183
600811
603986
600167
600251
002475
000676
688005
603601
002503
000002
002294
601005
300033
300750
300065
603773
002683
603090
000971
002555
600605
300278
000561
300051
600015
300142
603882
000100
300459
002439
600547
000155
601326
600777
