code
688586
688311
605222
601456
002991
688333
688189
688019
600257
000790
300155
600295
600613
600749
002613
603608
300323
300536
300358
603598
002827
605118
603987
002799
300855
300221
300119
002866
002945
002600
603408
603906
300006
603630
601216
002826
002400
600336
300634
603718
300318
601882
603283
002138
600885
300612
300587
002541
600095
603010
300512
002287
000501
300136
300856
600211
002626
002791
600490
601020
603069
603722
603887
300551
300378
300366
300242
300140
002699
002173
002164
000757
000421
300142
002371
300853
300813
300464
300858
601231
603733
603976
000411
000026
002315
300030
300120
002082
300729
300690
300857
605188
601108
605199
300151
600531
300554
603676
000518
000712
603828
300183
600097
603123
300453
300096
000785
002625
603636
601222
300591
002425
601619
300716
002167
601016
000798
000637
000828
300613
300364
600165
002103
002386
300063
000591
000908
002671
300094
002241
688139
002202
300225
600812
600988
002674
002233
600467
002165
300522
300303
300013
600285
601888
688981
002729
300085
300841
600587
600810
300792
000668
688398
300058
600483
300832
300374
603392
000990
300712
002990
002812
603301
688310
603601
000793
601636
300648
002537
002975
002667
300086
688208
603557
000032
300686
603339
300042
000829
600693
600873
300314
600477
688126
600884
000791
002180
002384
300390
300617
300386
000006
002278
002517
300232
688200
603368
600230
000606
300778
300709
603309
300234
300248
002375
300077
300485
300414
600135
002007
002635
300579
603535
000011
600584
300772
603859
603985
002370
002367
000028
300143
002030
000878
300758
300010
688396
600546
300494
605168
000078
000695
601126
002982
688181
600529
688012
002303
002444
002943
002069
300241
603518
300439
688098
300260
600223
002696
300749
300307
002130
002568
002853
600888
600645
002801
300146
002634
000589
002136
002462
688312
002515
688268
002126
002283
600196
000587
002429
688561
002867
002965
000089
600107
603881
002617
300273
300171
300466
002589
000690
002163
300174
002560
002096
002712
002516
002256
300664
300334
601555
000638
300227
002210
000530
002885
688085
002354
603966
000572
600687
002323
002270
600696
300339
002135
000509
603327
300803
600421
603026
002666
300419
002192
300793
688108
002259
688116
600238
300239
688089
300052
603628
300443
603819
600603
600870
000820
002351
002416
300580
603693
002433
002417
002079
000155
002235
600179
300846
603659
300459
000524
600998
000669
300433
300480
601099
002447
603605
002706
000537
603896
002831
300640
300680
600502
300343
002780
603856
000531
300468
002247
000526
603809
600875
603043
300275
000603
603969
002060
600077
000088
002938
002803
300202
300018
300638
600847
300730
000012
603187
000564
000950
300357
300672
002273
002580
300207
300349
600511
300671
300572
603721
000153
600833
300462
002222
002170
000962
601218
300064
300102
300660
603825
000017
300381
300604
600773
300014
000701
300129
603507
600200
600195
603899
002895
002818
002639
603890
603088
688020
600439
600881
300696
002337
002654
000034
600547
603882
300458
002104
002540
300609
002578
000762
002456
300465
603739
002155
600415
603279
600156
600662
002432
300110
601212
000504
300268
600489
002008
002137
300564
002688
600864
300199
002185
600160
603212
002382
300180
300766
300292
688188
600496
300751
688138
002187
603110
002014
600763
300400
002850
600222
002169
300238
603277
600623
002848
600422
002534
601899
000585
002118
002475
300746
002822
300411
002252
600399
002404
603777
603786
300011
600478
300565
300555
002743
300032
688111
300319
002808
600110
002531
300354
603992
000913
002327
002787
002762
603983
300280
300348
002937
600579
002713
300750
688004
603963
002430
002716
000803
300787
300272
300373
002551
600318
603866
300519
601519
000066
300115
603737
000021
601788
600080
300624
600381
603871
300561
002768
000782
000789
600552
300666
600986
300317
300701
600766
300653
600367
002919
300542
600362
000622
002172
603030
002728
600267
300089
000058
600360
002585
600586
300043
002670
002693
600486
300095
600860
300850
000987
002493
603666
300253
600735
603416
688050
300298
300481
601799
300111
603583
300033
300602
300181
300541
002184
002228
600311
300290
300254
688123
002279
603321
600193
002311
002907
600802
600449
300452
688278
002317
300556
300213
002571
300570
600056
300029
002134
002333
600416
603133
300723
688128
000822
603165
603648
600351
000821
300679
300118
002939
603367
002598
603867
000676
300566
300633
002906
300647
300644
300469
000551
603629
603066
600789
603999
603668
002864
300733
002484
000541
002581
603486
002240
002970
300350
600207
600848
002141
300039
603683
000571
002061
002026
600018
002888
000426
002838
688058
300534
601566
603259
688029
300088
603600
002861
603060
300692
600289
002647
002022
000975
002591
300693
300687
002195
002926
002555
002741
600202
600746
688256
300392
000573
002424
300629
300398
300046
603016
002930
688186
300087
300760
002231
603979
002409
300081
002731
002878
300600
300736
300410
300162
603579
300264
688318
300476
300255
600909
688021
688016
603708
300549
002817
000506
300067
002771
603380
600563
002813
300649
300436
688023
300281
002735
002595
603055
002003
002410
300497
601515
002503
601069
300420
002045
002397
600070
600369
603313
603398
600513
300382
603050
000608
603878
002959
002781
603730
300501
603928
001696
300368
603223
600229
603059
002033
002847
600062
300837
002836
600479
603290
300662
600330
300246
600114
000752
002655
002922
002025
603803
600113
603008
603353
002550
002280
000766
600850
600961
002250
600527
600628
002335
601028
000929
002049
002524
300484
603115
600834
300288
600460
002825
300236
002616
603533
002341
300567
002788
002659
600570
300782
300623
002495
603936
000630
000545
300132
300231
002912
300557
300167
300108
002777
002174
002050
300545
300605
603661
603208
300122
002868
603232
000750
002036
603356
300169
300158
688068
002653
300795
002478
600828
300569
300059
601168
600822
300413
000917
000967
300004
002615
600703
000851
300256
603990
603556
300745
601138
600410
002686
000610
300157
603288
300219
002698
002732
600653
300654
300670
603933
002566
300269
002533
300785
300681
300502
603595
603566
600178
002449
002431
000903
002436
603303
300559
002660
002427
300038
300017
002587
002166
600458
000919
300791
600237
300486
002011
300200
603377
300743
002776
603650
300816
603203
002875
002059
300395
603618
300563
300222
300035
000767
601717
000020
300739
688015
000597
000529
000652
600829
300514
300558
000592
603100
600634
300625
688037
300518
002805
600695
300037
600302
002301
300571
300735
300780
603019
002737
002244
603580
600824
000068
300069
603099
603383
603022
601877
300020
601388
300116
002362
600206
300489
603233
603299
002148
603359
300206
688166
603590
300346
300154
603697
000576
300377
000590
300525
603690
600804
603129
002291
300496
300562
603615
600248
000890
300380
000996
600137
688101
002253
600757
002605
603009
002454
000536
000833
600636
000823
601162
300257
000719
600355
600556
300165
002453
300706
688030
000570
600768
002644
002582
002073
300573
300495
688090
300583
603998
603818
300335
300076
300626
603005
600155
600120
603105
002642
688158
300131
600171
603613
600880
300074
600536
002519
002896
600191
600543
603366
002390
300363
300125
600704
002480
002932
000059
300449
600601
000430
000811
600329
600981
002296
000955
300444
300389
603117
002891
300109
000725
300220
002217
688300
688363
300097
000060
300328
600448
600577
002396
603305
002275
300141
300061
000158
603439
603128
002437
002576
002129
002614
300333
300147
300482
300282
002046
600163
002786
603489
688100
600192
300296
002469
600887
688365
002028
300379
000815
600750
600667
002349
300663
002783
600568
600420
002863
002127
300135
300082
002288
300684
300025
000881
002423
600358
600571
002892
002316
600299
002084
600326
600835
002649
300305
300790
601811
601198
002849
603357
688118
002958
000100
600051
600500
600093
300195
603938
600637
601375
002150
000598
002733
603698
300168
002973
600055
300538
300493
000755
600612
300312
300732
600845
600319
000605
600168
300655
002532
300261
002114
002376
300535
300771
688106
002152
300301
600532
300434
601609
603713
300126
002558
300752
600290
600293
300160
000686
600463
002701
300802
000534
600201
603021
300051
000783
002620
300050
600517
600771
601608
002877
600572
300326
002977
002765
688001
300661
300297
300611
603077
000989
300738
300308
002841
300590
300408
002545
601330
603138
600126
002009
688508
300336
600657
002913
300404
300399
300467
300533
300725
603596
002546
600682
300026
300796
002893
300812
002056
000906
603709
002157
603929
300615
688566
002038
600555
002093
002734
002171
002218
603378
600162
300249
300805
600929
300806
002261
000038
603893
002857
300688
688159
300757
002381
300240
002435
002379
002898
300139
600497
600021
600918
600138
300767
300677
600604
603078
300513
000540
000037
600896
002967
000016
600053
002797
600561
000555
688086
002962
002889
002308
002388
300084
300477
002459
600227
300036
002855
600783
603168
300576
002574
002181
603333
603444
600386
300071
603915
600708
688233
600640
300506
002160
601377
002452
002856
603918
600030
300474
688336
002115
000997
002116
600082
603888
600733
300002
300150
000938
603093
002420
002294
002579
002491
600213
600025
601236
603880
002565
603351
300441
600488
300521
002464
300694
300402
600332
300277
300322
600136
600390
300779
000566
300320
000705
002053
601727
601878
002802
600161
300265
603027
002481
600705
000751
000596
688007
002572
603995
300499
002095
603506
002043
603908
000897
002369
000930
601137
688228
002394
002346
002761
000151
000728
603087
603808
300636
600063
300674
000636
300740
300062
603266
300781
688096
601966
300528
688027
300001
600976
002619
002522
000889
002268
002460
300700
300166
300235
600745
300394
600249
601865
000681
603319
603726
002757
600819
002703
600436
300007
002421
300608
600668
603519
601333
300209
000617
000969
300304
000812
300056
000978
300656
002879
000777
002811
600993
300539
000010
688180
002151
300130
600149
300703
600177
600316
002858
600098
600622
002199
000050
300665
002559
002969
002637
002750
002393
002665
002911
002139
002055
688088
601155
002987
002514
603038
300315
002467
002243
002168
600353
603527
688010
300635
600595
002497
600876
002161
300537
002401
000977
002843
002455
601616
000035
300829
002117
300550
002981
002305
300383
002983
300401
600061
000099
600755
002251
002198
002957
300553
603920
002721
002950
002785
603036
300478
002290
000655
603860
688588
601021
603977
300831
300309
600158
000065
300271
300316
600859
600004
603037
300144
600303
601633
601975
002940
300708
601696
300321
600128
300289
002740
600225
600780
688022
002953
002312
002197
002206
002075
600109
002673
002101
603912
600520
000819
300585
300456
300353
603980
300547
002961
603338
600714
603725
600382
600462
603199
002636
300099
603501
603081
002500
688389
000333
601990
000909
300245
603638
002657
002380
002102
000510
300405
600831
600446
603315
300643
002869
300438
603185
300822
002643
002004
002903
603195
000150
000960
002230
002063
603186
603578
603926
002482
000027
300100
002209
601858
600894
002087
000721
600064
000532
002189
300421
601901
603861
603778
603118
000918
600753
002837
002618
300208
300054
300698
688178
600796
603897
601163
601968
002183
300448
000859
002819
603220
300702
300461
000166
300747
600984
000595
688369
688080
002405
688069
002793
002476
603706
600512
300505
300284
600641
300755
300560
002521
002249
603363
002677
002085
688600
002840
002377
688177
603308
000631
603588
000869
603656
000563
002229
300428
002871
600816
603335
002908
002916
002873
603189
600933
300705
002876
002119
603328
603200
002068
600287
600716
002223
603858
603306
002883
300223
603916
300170
002725
601689
000407
600889
002297
600737
300047
002474
600621
601567
603101
002778
002123
603589
000887
601628
600216
002609
688520
603076
000736
000677
603848
002972
300504
600854
300274
300229
002372
000420
300598
601669
002457
000952
300641
002897
603013
600638
688157
300669
000988
300658
601007
600764
300184
300695
300610
000586
603086
600739
002633
600602
002645
603716
603040
600557
300287
600241
688555
002368
601881
688099
603967
002859
603633
000582
603108
600962
601777
300204
002631
603679
603863
601929
688033
300429
000045
603332
600139
600736
600258
300406
600183
300153
002687
603318
002782
002955
603602
600433
000498
600895
603637
002548
300262
002352
603386
603466
688168
002570
300597
002872
000428
002328
600642
002499
300454
000809
603196
601900
002338
603029
002106
300211
603330
600728
300425
000672
002302
600592
600522
300230
603000
300773
600272
000826
002347
600664
600707
002159
002947
300642
300471
000888
000702
002110
002646
300356
600261
601991
000957
600108
002724
603156
000685
603045
600583
603286
000520
600187
300543
002062
300756
600084
002419
603826
300707
300697
300776
002689
300622
000921
603616
300107
002915
002839
300715
688078
000850
300768
688466
002795
603033
603007
000055
000779
603322
600020
300621
603909
300250
600731
300710
002900
600469
688005
600346
002593
600658
300517
688018
300044
603986
603682
688009
600054
300827
300079
600787
600959
002238
600378
000663
600385
002398
002345
002952
300619
300370
300134
603660
002339
300457
603610
002989
300078
601688
600309
000776
603388
002271
000679
300217
600615
603927
000933
600651
002512
002356
300828
300233
600784
002017
300055
600566
601098
601677
600198
600785
002486
002640
000682
000948
600376
600808
603559
002775
300057
002065
000976
000650
300124
300632
603002
300263
002789
000936
600936
300270
300279
000548
600455
000558
002767
300718
300637
600459
600312
300520
002254
002700
603180
603001
300801
002313
002682
603197
002917
000046
601326
600476
002321
300311
600837
603997
300508
002156
600692
600423
601999
300475
688008
300070
603788
002441
300451
601117
300568
600809
002446
600535
300500
002756
600036
300149
300105
600643
600129
300588
000692
002717
300215
002216
600676
601801
300594
000005
300731
600037
688081
600565
002921
000062
600782
600666
300786
002694
000880
000607
300352
300799
600718
002344
600203
603379
600172
600820
000063
300532
600363
002451
600609
688358
300344
601005
300753
300423
600706
300691
002496
000415
600499
600470
600481
000040
600280
603879
603885
002956
002951
300179
600153
603183
603058
600966
000788
601949
300194
002418
000912
002466
300073
603116
600078
000049
002658
300330
002051
300603
002392
300515
000830
601010
603025
600699
002112
000666
600897
603161
002154
600866
601827
300765
601106
002144
000722
002766
002325
002792
002236
002815
603982
002528
688011
601838
300128
300511
603813
002091
000973
000599
002177
000009
300595
002212
601228
300720
600758
300430
601019
603567
002242
600112
600117
002281
603991
600803
300138
600058
600452
600516
600655
002498
600597
300809
603109
002006
603508
603757
300182
000402
600580
600151
002656
002723
688003
300823
600992
600997
002399
000667
000565
601208
601086
002542
601336
600633
002194
002227
603728
002553
002258
000825
600630
600493
600277
002590
002264
600143
000665
600533
603688
002083
000965
600444
600505
002373
600761
600843
603729
300586
601116
603421
002490
600626
600748
000731
300387
600684
000915
600545
603015
000802
600996
002122
002403
600965
000858
002627
002098
000156
600071
300188
603585
601339
002662
300789
603889
601002
300075
002821
002029
600279
688360
002774
002010
600826
300226
600133
002763
603103
000623
000056
600406
601952
300175
002188
002090
603028
300201
000925
600048
600297
000301
603790
300820
603917
002601
002439
002329
603680
600166
600611
002709
300427
601880
600686
600919
600901
002031
601225
300093
603937
001896
600795
000968
002099
601866
002107
300800
688357
002714
300164
000514
600327
603903
300112
002543
688366
002730
002769
600250
001872
002759
002298
600675
600725
600726
600963
002722
002807
603787
600683
000007
603667
600689
600575
002630
300098
600719
600152
600743
600805
600823
002463
002594
603530
600115
300631
600185
300022
603817
300606
000625
603316
002511
600068
300770
000014
600821
600830
603320
002406
002178
603686
000553
600388
002074
603068
600180
002575
601908
601211
300048
000671
300516
300652
603323
002663
600383
300596
002583
600354
000837
300818
300237
600720
000739
603360
603018
300479
601233
600182
300440
600167
601177
603239
000780
000756
300689
002489
603606
603806
300843
002611
603707
002530
601798
600271
002650
600337
603042
002047
000999
002971
601789
002494
002483
000419
000416
600186
603701
300347
600776
002334
000030
300711
000852
000517
002832
002862
300546
603158
002276
600106
600396
002365
601918
002364
002472
002284
600317
300173
300418
603017
603789
600322
002753
000659
603345
002504
002146
000838
000031
002624
600079
000408
002076
600487
600266
002196
603326
603160
002527
601390
000413
002350
600908
002842
688558
603900
002584
000004
300531
002309
002902
002910
600429
603317
600982
688039
600770
600671
300650
603268
002573
002851
002692
000753
600839
300490
300310
002602
600104
688002
600379
600792
003816
002920
600101
300092
002012
300300
603738
603496
600558
688598
600590
600232
603098
300645
600373
600528
002440
002899
600751
600798
600797
603056
002133
002882
300295
002577
000503
300203
300442
002324
603773
002881
600008
002736
002708
000910
600380
600969
603300
600588
000703
600461
601598
002790
600208
300244
300724
002884
600400
000025
000761
688518
600023
601928
600325
600076
600498
601107
601319
002547
001965
002121
600368
600573
000905
000697
603516
000927
300369
603166
002153
002936
000778
603869
300210
000883
601818
603586
002108
000680
600581
603958
600252
601997
300830
300324
601360
000521
600958
000538
002002
600890
603767
300329
300278
601058
000635
300375
601615
600028
002326
603136
600510
600495
002125
600869
000157
002628
603181
600130
600333
002678
300409
002213
600503
300607
601577
600722
600039
000862
300008
600089
000928
002094
600239
688321
600973
300797
300384
600900
603126
601658
600985
002751
000923
600210
300575
603003
600551
600800
688299
002860
300276
600348
600482
300041
300267
600807
002929
300388
300376
600119
002612
600265
603843
300397
002963
300285
300360
002890
300472
002336
300331
603011
688505
600466
603079
600073
601066
002293
600438
600730
002468
300450
002015
000600
600081
600661
600793
600228
300668
002738
002358
601965
601368
603577
002407
000609
600649
002931
688298
002651
600132
603657
601100
002182
600366
601872
002300
002508
601298
000911
600131
300808
688567
603703
603815
002443
300302
300836
000626
300003
002214
002140
600874
600727
002520
601601
601128
300327
300161
300487
688589
300024
601778
600100
600606
603609
002412
600775
000090
002824
600340
600846
300341
600629
002968
600742
002985
000042
002221
600278
600817
300083
603662
300294
000970
603681
300437
002928
603639
000519
300205
000902
300678
603331
600283
688528
603822
605166
603355
000985
002158
600639
300582
601166
002779
300445
603886
603699
300682
300123
000401
000023
603868
603179
002923
603719
002695
002925
002597
300783
688258
600010
600016
600017
600019
600022
600033
600035
600083
600091
600103
600141
600159
600188
600199
600212
600220
600231
600247
600255
600256
600262
600269
600275
600282
600307
600321
600352
600356
600405
600408
600507
600508
600518
600526
600530
600540
600576
600599
600608
600616
600624
600635
600644
600652
600660
600665
600690
600691
600715
600717
600721
600738
600777
600781
600790
600794
600815
600825
600841
600853
600863
600892
600917
600960
600977
600983
600987
601000
601003
601018
601077
601101
601188
601226
601288
601518
601588
601607
601678
601718
601816
601860
601916
601939
601969
601998
603035
603053
603063
603067
603157
603687
603797
603876
603959
603996
605001
300651
300639
300578
300540
300483
300432
300355
300283
300259
300247
300218
300212
300197
300185
300152
300027
300021
002949
002948
002823
002816
002809
002760
002755
002739
002697
002681
002638
002622
002606
002588
002586
002554
002544
002526
002479
002470
002448
002402
002391
002374
002342
002331
002289
002285
002277
002272
002269
002263
002226
002219
002207
002145
002132
002113
002111
002078
002077
002067
002066
002054
002037
002005
000993
000983
000972
000963
000959
000949
000926
000922
000900
000898
000892
000886
000877
000863
000861
000839
000807
000806
000737
000729
000723
000709
000683
000678
000633
000619
000554
000552
000543
000528
000525
000422
000409
000069
000029
603833
000895
300620
688488
601869
603396
002661
300015
603611
600585
603387
300826
002745
001979
300824
000550
002201
603329
601808
002978
300114
600007
603269
300819
600663
002986
002186
000688
603020
600184
002726
300351
000581
300252
300415
600506
601828
603901
000628
600218
600519
600562
002203
601579
603358
601229
600593
300529
300193
600387
002023
002507
601311
000951
000429
002870
002742
603536
600099
601111
688218
000002
002529
688169
600015
600301
601500
603829
000523
002536
600970
000159
603095
601318
601766
000627
603798
600928
000568
600903
600173
603192
002048
600967
600215
600681
002485
000338
600235
603225
601158
300187
600012
600096
300080
300172
000661
600971
603121
603393
600050
600778
002274
601668
002205
600377
002001
002672
300523
300228
601169
603080
688500
601328
002225
603755
600088
600596
603228
002100
600236
601857
000001
000717
600118
002820
002561
601985
300189
600559
002652
002314
002019
002265
000039
002833
000885
000615
300340
603603
603607
002718
600310
600619
600305
601800
600148
002564
002513
603012
300091
002748
300821
600767
601008
002648
000759
600067
300196
000998
603655
000611
300266
603810
600345
601599
002162
600537
000718
002608
601369
600867
688377
000423
002190
600723
002267
600428
601988
601958
600284
603696
601600
002088
000796
601992
600578
600711
000425
600567
000715
603365
600190
600409
603198
600315
603159
600582
603685
603177
600320
600398
600801
002933
000008
000856
000533
601933
600877
002081
000935
600523
603131
603955
603838
601186
300719
600125
600288
000953
300176
600105
002641
002348
002502
603226
002042
601700
002355
600292
603311
002058
600375
000488
000593
601200
002330
600029
000758
300548
600123
002523
002505
603260
600273
300424
002518
002035
002057
600000
002556
300393
300510
002310
300066
000958
603337
688036
000700
600335
300721
601398
300599
002846
002245
002360
600673
300133
603297
603222
000720
600674
603978
600011
002428
603090
688196
600306
002988
300473
601127
002471
002800
300286
000801
000629
688288
600569
603139
002215
603758
600006
002845
002901
600491
600395
601699
000061
603298
600281
688028
601886
688165
603895
600872
002835
600169
300422
688060
002013
300842
000716
300817
002960
603389
300072
000400
002683
601512
600121
300446
600176
002357
601011
300509
002149
300337
000860
000966
300527
600403
688222
688309
600857
600926
000836
002538
688025
300214
600209
002445
300592
002562
300727
600871
002255
002702
000786
600052
688006
002032
300012
002941
600688
601179
002685
300825
002675
300777
300552
002097
603689
002363
603390
000937
600741
000557
300416
300407
300306
000813
600818
300788
603169
603555
002072
600754
002224
603919
002966
002120
600365
300507
300498
600268
603626
002909
300053
002040
300417
600713
000567
600617
300117
000738
300192
002147
600009
600308
600999
603217
002142
603348
603083
600276
603677
603236
600538
603458
600221
300763
600594
600170
601015
300593
300713
002506
600648
600858
002918
002715
600085
002248
002020
600548
688516
002535
000732
600094
600038
603801
002599
002679
600393
000875
000656
600389
600865
300503
002034
300190
002175
601611
000816
601618
002621
603399
300148
000982
002343
603700
601898
300224
603127
603256
300463
601038
000931
600157
002322
601238
000799
002021
300313
600679
600939
603528
603023
603663
603111
600217
600343
600694
600769
601006
300769
601009
600243
601399
603214
000096
600838
603877
300121
300137
000980
000797
601088
603711
002603
300577
603477
300068
603289
600525
300601
002387
300243
603587
002299
600397
300849
600066
000513
002415
600740
603167
002806
002727
300811
603188
300332
002976
603278
300488
600323
603883
300676
000735
688388
002385
000632
000612
603617
000657
000502
002131
600219
000848
000507
600979
300630
300762
300589
603558
000899
600419
002880
002488
000711
000410
300145
000639
300657
002705
600111
000727
600057
000417
002411
002124
600234
000901
002942
600260
600371
000920
601012
600589
603949
688026
000876
600980
601919
603619
300447
002758
600898
600392
002749
600647
600879
000544
600702
600031
603238
002905
600620
603960
002191
000691
300385
688277
000835
600026
000546
000048
600759
600251
600883
000882
300258
300009
002607
000651
300127
300726
002318
603678
603950
300761
600734
000539
002979
600560
601606
603221
000768
000961
600678
300675
002422
601199
002266
300530
600650
688199
600116
002886
002707
002105
600995
603089
000795
000710
688580
300683
000036
300699
300815
603816
002193
600090
000971
002176
002438
300412
600851
601366
603599
002378
603898
600300
600509
002770
002332
603369
603811
600480
600811
002668
002306
600618
002492
600814
002304
601139
600827
002234
603113
600886
603766
002828
600426
600521
300460
300159
000810
600968
300293
002200
603385
000818
002434
000707
002752
002246
600339
002414
000404
600975
002623
601890
002552
300391
002109
300065
600893
603839
603988
600291
002829
688599
300338
603569
000713
600756
000726
000981
601989
600654
600539
600259
603085
603039
300833
603267
600298
002549
600425
600418
300673
002461
603568
002408
600698
600779
600990
300291
300049
300426
002719
002557
600724
603989
600710
002286
603456
002458
002282
603096
000662
600233
601666
601698
300106
002465
600856
600549
300667
000547
000616
002092
603779
300023
603939
002569
002295
000708
300616
002798
000505
300835
600598
000560
002426
002980
603658
688202
300742
002239
300717
603855
600313
002596
002089
600868
600246
600765
600862
300847
002567
688368
002211
002204
603218
603499
002307
601001
300040
300103
000673
002320
000561
300367
688579
300775
002487
300113
603515
600328
300852
603993
300737
603768
601068
600060
600361
603612
603800
300839
002064
300371
002669
600027
300251
002292
601595
601118
002340
000019
300526
300345
002179
002539
300628
603948
603669
601996
002629
603041
600855
600550
300005
603106
600059
600697
600350
300178
600150
002128
000559
600072
002865
002366
300581
300748
000584
600359
600605
300325
300491
601113
600729
603227
002208
600600
000620
002773
603776
300435
600338
600475
600744
002772
002592
300034
600146
000800
002041
603968
000932
000070
000831
600127
600435
300470
603970
600086
002676
600242
002664
002501
600836
002353
688399
002510
002044
002027
000613
603336
002927
603031
603505
002796
002413
688266
688051
300492
300659
300584
600122
300163
300019
603032
688568
603229
300299
002016
300396
603727
002747
001914
002746
300845
300741
002442
300198
600372
600501
600989
002071
605288
600844
002039
600956
603520
002690
300685
600391
002361
600760
600791
300016
603517
601258
300455
603956
000733
300177
002237
688066
300359
002946
002262
600978
002852
300191
300342
300838
002080
603429
688122
300403
600468
002052
300798
000893
002563
605108
603500
300045
300759
300851
600882
300848
688198
600370
600197
300810
000403
000516
002935
600712
600732
300101
002887
002395
002389
600145
002810
002024
300627
603712
000687
603258
603006
600075
603665
600456
002610
300722
600774
600685
000601
603178
300031
002383
002830
603538
600189
600331
603799
688077
300365
300840
002086
603823
002632
000698
300807
603922
600226
002319
002232
600861
002684
300618
002473
600515
000868
002691
603488
603717
603551
688418
688521
688556
300866
300865
300863
300862
300861
300860
300859
300431
300362
300216
002995
002993
002992
002711
002450
002359
002260
000995
000939
000792
000760
000670
600485
600610
600614
600677
600701
600891
603931
605003
605066
605088
605100
605158
605318
605333
605366
605388
605399
688055
688065
688155
688185
688229
688286
688313
688335
688338
688339
688379
688519
