601900 0
601901 0
601985 0
601988 0
601989 0
601633 0
601949 0
601908 0
601360 0
601677 0
601636 0
601678 0
601366 0
601326 0
601011 11
601012 0
601369 0
601328 0
000960 0
601015 46
000920 0
000961 0
601098 0
601016 0
000921 0
601099 0
601058 0
000963 0
000922 0
601018 0
000690 0
000923 0
601019 0
000650 0
000965 0
000651 0
000610 0
000966 0
000925 0
000967 0
000926 0
000612 0
000968 0
000613 0
000969 0
000928 0
000655 0
000656 0
000615 0
000697 0
000657 0
000616 0
000301 0
000698 0
000617 0
000070 0
000619 0
000030 0
000031 0
000034 0
000035 0
000036 0
000078 0
000038 0
000039 0
001965 0
603980 0
002770 0
002771 0
002730 0
603900 0
002772 0
603901 0
002773 0
002732 0
001696 0
002733 4
603985 0
603903 0
002775 0
002734 0
002460 0
603986 0
603630 0
002776 0
002735 0
002461 0
600790 0
002777 0
002736 0
002462 0
002421 0
603988 0
603906 0
600791 0
600750 0
002778 0
002737 0
002463 0
002422 0
603989 0
603633 0
600751 0
600710 0
002738 0
002464 0
002423 0
002190 0
603908 0
603360 0
600711 0
002739 0
002465 0
002424 0
002191 0
002150 0
603909 0
603676 0
603320 0
600794 5
002466 0
002425 0
002192 0
002151 0
002110 0
603677 0
603636 0
603321 0
600795 0
600754 0
600713 0
600480 0
002467 0
002426 0
002193 0
002152 0
002111 0
603678 0
603637 0
603363 0
603322 0
600755 0
600481 0
002468 0
002427 0
002194 0
002153 0
002112 0
603679 0
603638 0
603323 0
600797 0
600756 0
600715 0
600482 0
600400 0
002469 0
002428 0
002195 0
002154 0
002113 0
603639 0
603365 0
603050 0
600798 0
600757 0
600716 0
600483 0
002429 0
002196 0
002155 0
603366 0
603010 0
600717 0
002197 0
002156 0
002115 0
603367 0
603326 0
603011 0
600759 0
600718 0
600485 0
600403 0
600170 0
002157 0
002116 0
603368 0
603012 0
600486 1
600171 0
600130 0
002158 0
002117 0
603369 0
603328 0
603013 0
600487 0
600446 0
600405 0
600172 0
600131 0
002159 0
603329 0
603096 0
603055 0
600488 0
600406 0
600173 0
600132 0
603056 0
603015 0
600489 0
603016 0
600449 0
600408 0
600175 0
603099 0
603058 0
603017 0
600409 3
600176 0
600135 0
603018 0
600177 0
600136 0
603019 0
600178 0
600179 0
600138 0
600139 0
601798 0
601799 0
601717 0
601718 0
601137 0
601179 0
601138 0
601139 0
000731 0
000732 0
000733 0
000420 0
000776 0
000735 0
000421 0
000777 0
000736 0
000422 0
000778 0
000423 0
000779 0
000738 0
000150 0
000739 0
000425 0
000151 0
000426 0
000428 0
000429 0
000155 0
000156 0
000157 0
000158 0
002890 0
002891 0
002850 0
002892 0
002851 0
002810 0
002893 0
002852 0
002811 0
002853 0
002812 0
603790 0
002895 0
002813 0
002580 0
002896 0
002855 0
002581 0
002540 0
002897 0
002856 0
002815 0
002582 0
002541 0
002500 0
603711 0
600870 0
002898 0
002857 0
002816 0
002583 0
002542 0
002501 0
603712 0
600871 0
600830 0
002899 0
002858 0
002584 0
002543 0
002502 0
603713 0
600872 0
600831 0
002859 0
002818 0
002585 0
002544 0
002503 0
002270 0
600873 0
002586 0
002545 0
002504 0
002271 0
002230 0
603797 0
600874 0
002587 0
002546 0
002505 0
002231 0
603798 0
603757 0
603716 0
600875 0
600834 0
600560 0
002588 0
002547 0
002506 0
002273 0
603799 0
603758 0
603717 0
600835 0
600561 0
600520 0
002589 0
002548 0
002507 0
002274 0
002233 0
603718 0
603444 0
600562 0
600521 0
002549 0
002508 0
002275 0
002234 0
603486 0
600837 0
600563 0
600522 0
002509 0
002276 0
002235 0
603131 0
600879 0
600290 0
002277 0
002236 0
603488 0
600839 0
600565 0
600291 0
002237 0
603133 0
600566 0
600525 0
600292 0
002279 0
002238 0
600567 0
600293 0
600211 0
002239 0
600568 0
600527 0
603177 0
603136 0
600569 0
600528 0
600295 0
600213 0
603178 0
600529 0
603179 0
600297 0
600256 76
603139 0
600298 0
600257 0
600216 0
600299 9
600258 0
600217 0
600259 0
600219 0
601872 0
601877 0
601878 0
601838 0
601566 0
601567 0
601211 0
601212 0
601298 0
601216 0
601258 0
601218 0
000890 0
000892 0
000851 0
000810 0
000852 0
000811 0
000895 0
000813 0
000581 0
000540 0
000582 0
000815 0
000541 0
000898 0
000816 0
000501 0
000899 0
000858 0
000584 0
000543 0
000502 0
000818 0
000544 0
000503 0
000586 0
000545 0
000587 0
000546 0
000505 0
000547 0
000548 0
000507 0
002930 8
002931 0
002932 0
002933 0
603871 0
002935 0
002661 0
002620 0
600990 0
002936 0
002662 0
002621 0
002937 0
002663 0
002622 0
603833 0
002938 0
002664 0
002623 0
002390 0
600993 0
002939 0
002665 0
002624 0
002391 0
002350 0
603876 0
603520 0
002666 0
002392 0
002310 0
603877 0
600995 0
002667 0
002626 0
002352 0
002311 0
603878 0
600996 0
600681 0
600640 0
002668 0
002627 0
002394 0
002353 0
002312 0
603879 0
603838 0
600997 46
600682 0
600641 0
600600 0
002669 0
002628 0
002395 0
002354 0
002313 0
002080 0
603839 0
600998 0
600683 0
600642 7
002396 0
002355 0
002314 0
002081 0
002040 0
603566 0
600999 0
600958 0
600917 0
600643 0
600602 0
002397 0
002356 0
002315 0
002082 0
002041 0
600959 0
600685 0
600644 0
600603 0
002398 0
002357 0
002316 0
002083 0
002042 0
002001 0
603568 0
600919 0
600686 0
600645 0
600604 0
600371 0
600330 0
002399 0
002358 0
002317 0
002084 0
002043 0
002002 0
603569 0
603528 0
600687 0
600372 0
600331 0
002359 0
002318 0
002085 0
002044 0
002003 0
603214 0
600688 0
600606 0
600373 0
600332 0
002086 0
002045 0
002004 0
603297 0
600689 0
600648 0
600333 0
002087 0
002046 0
002005 0
603298 0
600649 0
600060 0
002088 0
002047 0
002006 0
603299 0
603258 0
600376 0
600335 0
600061 0
002089 0
002048 0
002007 0
603259 0
603218 0
600377 0
600062 0
600021 0
002049 0
002008 0
600378 9
600337 1
600063 0
600022 0
002009 0
600338 0
600064 0
600023 0
600339 0
600066 0
600025 0
600067 0
600026 0
600068 0
600027 0
600028 0
600029 0
601990 0
601991 0
601992 0
601952 0
601996 0
601997 0
601600 0
601998 0
601601 0
601999 0
601958 0
601918 0
601919 0
601330 0
601688 0
601606 0
601689 0
601607 0
601333 0
601608 0
601375 0
601020 0
601377 0
601336 0
601021 0
601339 0
000970 0
601066 0
000971 0
000930 0
000931 0
601068 0
000932 0
601069 0
601028 0
000933 0
000975 0
000976 0
000935 0
000661 0
000620 0
000977 0
000936 0
000662 0
000978 0
000937 0
000663 0
000938 0
000939 0
000665 0
000666 0
000625 0
000667 0
000627 0
000669 0
000628 0
000629 0
000040 0
000001 0
000042 0
000002 0
000043 0
000045 0
000005 0
000046 0
000088 0
000006 0
000089 0
000049 0
000008 0
603990 0
002780 0
002781 0
002740 0
002741 0
001979 0
603993 0
002783 0
002742 0
002701 0
603912 0
002743 0
002702 0
603680 0
002785 0
002470 0
603955 0
002745 0
002430 2
603997 0
603600 0
002787 0
002746 0
002705 0
002472 0
002431 0
603998 0
603916 0
603683 0
603601 0
600760 0
002747 0
002706 0
002473 0
603999 0
603958 0
603917 0
603602 0
600761 0
600720 0
002789 0
002707 0
002474 0
002433 0
603959 0
603918 0
603685 0
603603 0
600721 0
002749 0
002708 0
002475 0
002434 0
002160 0
603919 0
603686 0
603330 0
600763 0
002709 0
002435 0
002161 0
002120 0
603605 0
603331 0
600764 0
600723 0
600490 0
002477 0
002436 0
002162 0
002121 0
603688 0
603606 0
603332 0
600765 0
600724 0
600491 0
002478 0
002437 0
002122 0
603689 0
603648 0
603607 0
603333 0
600410 0
002479 0
002438 1
002164 0
002123 0
603608 0
603060 0
600493 0
600452 0
002439 0
002165 0
002124 0
603609 0
603335 0
603020 0
600727 0
002125 0
603377 0
603336 0
603021 0
600728 0
600495 0
600180 0
002167 0
002126 0
603378 0
603337 0
603063 0
600729 0
600496 0
002168 0
002127 0
603338 0
603023 0
600497 0
600456 0
600415 0
600141 3
600100 0
002169 0
002128 0
603339 0
600498 0
600416 0
600183 0
600101 0
002129 0
603066 0
603025 0
600499 0
600458 0
600184 0
600143 0
603067 0
603026 0
600459 0
600418 0
600185 0
603027 0
600419 0
600186 0
600104 0
603069 0
600146 0
600105 0
603029 0
600188 99
600106 0
600189 0
600149 0
600108 0
600109 0
601766 0
601727 0
601100 0
601101 34
601186 0
601188 0
601106 0
601107 0
601108 0
000780 0
000700 0
000783 0
000701 0
000785 0
000703 0
000786 0
000430 0
000705 0
000789 0
000707 0
000708 0
000709 0
000166 0
002860 0
002861 0
002820 0
002862 0
002821 0
002863 0
002822 0
002864 0
002823 0
002590 0
002865 0
002824 0
002591 0
002550 0
002866 0
002592 0
002551 0
002510 0
603721 0
600880 0
002867 0
002826 0
002593 0
002552 0
002511 0
603722 0
600881 0
002868 0
002594 0
002553 0
002512 0
600882 0
600800 0
002869 0
002828 0
002595 0
002554 0
002513 0
002280 0
600801 0
002829 0
002596 0
002555 0
002514 0
002281 0
002240 0
603766 0
603725 0
600884 0
600843 0
002597 1
002556 0
002515 0
002282 0
002241 0
002200 0
603767 0
603726 0
600885 0
600803 212
600570 0
002557 0
002516 0
002283 0
002242 0
603768 0
603727 0
600886 0
600845 0
600804 0
600571 0
002599 0
002558 0
002517 0
002284 0
002243 0
002202 0
603728 0
603180 0
600887 0
600846 0
600805 0
600572 0
600531 0
002559 0
002518 0
002285 0
002244 0
002203 0
603729 0
603496 0
603181 0
600888 0
600847 0
600532 0
002519 0
002286 0
002245 0
603456 0
603100 0
600889 0
600848 0
600807 0
600533 0
002287 0
002246 0
002205 0
603416 0
603183 0
603101 0
600808 0
600575 0
600260 0
002288 0
002247 0
002206 0
603499 0
603458 0
600809 0
600576 0
600535 0
600261 0
002207 0
603185 0
603103 0
600536 0
600262 0
600221 0
002249 0
002208 0
603186 0
600578 0
600537 0
600222 0
002209 0
603105 0
600579 0
600538 0
600223 0
603188 0
603106 0
603189 0
600266 0
600225 0
603108 0
600267 0
600226 0
600227 9
600269 0
600229 0
601880 0
601881 0
601882 0
601800 0
601801 0
601886 0
601888 0
601808 0
601577 0
601222 0
601579 0
601225 0
601228 0
601229 0
000860 0
000861 0
000820 0
000821 0
000863 0
000822 0
000590 0
000823 0
000591 0
000550 0
000592 0
000825 0
000551 0
000593 0
000826 0
000552 0
000553 0
000869 0
000828 0
000554 0
000513 0
000596 0
000829 0
000555 0
000514 0
000597 0
000598 0
000516 0
000599 0
000558 0
000559 0
000519 0
002941 0
002900 0
002942 0
002901 0
002943 0
002902 0
603880 0
002903 0
002670 0
603881 0
002945 0
002671 0
002630 0
603882 0
603800 0
002905 0
002672 0
002631 0
603883 0
603801 0
600960 0
002906 0
002673 0
002632 0
603843 0
600961 0
002948 0
002907 0
002674 0
603885 0
603803 0
600962 0
002908 0
002675 0
002634 0
603886 0
600963 0
002909 0
002635 0
002361 0
002320 0
603887 0
600690 0
002677 0
002636 0
002362 0
002321 0
603888 0
603806 0
600965 0
600691 26
600650 0
002678 0
002637 0
002363 0
002322 0
603889 0
603848 0
603533 0
600966 0
600692 0
600651 0
002638 0
002364 0
002323 0
002090 0
603808 0
603260 5
600967 0
600926 0
600693 0
600652 0
600611 0
002639 1
002365 0
002324 0
002091 0
002050 0
603535 0
600694 0
600653 0
600612 0
002366 0
002325 0
002092 0
002051 0
002010 0
603536 0
600969 0
600654 0
600380 0
002367 0
002326 0
002093 0
002011 0
603222 0
600655 0
600614 0
600381 0
600340 0
002368 0
002327 0
002094 0
002053 0
002012 0
603579 0
603538 0
603223 0
600697 0
600382 0
600300 0
002369 0
002095 0
002054 0
002013 0
600657 0
600616 0
600383 0
002329 0
002055 0
002014 0
603266 0
603225 0
600699 0
600658 0
600617 0
600343 0
002097 0
002056 0
002015 0
603226 0
600618 0
600385 0
600303 0
600070 0
002098 0
002057 0
002016 0
603268 0
603227 0
600386 0
600345 0
600071 0
600030 0
002099 0
002058 0
002017 0
603269 0
603228 0
600387 1
600346 2
600305 0
600072 0
600031 0
002059 0
002018 0
603229 0
600388 0
600306 0
600073 0
002019 0
600389 1
600348 8
600307 0
600074 0
600033 0
600308 0
600075 0
600309 1
600076 0
600035 0
600077 0
600036 0
600037 0
600079 0
600038 0
600039 0
601965 0
601966 0
601611 0
601969 0
601928 0
601929 0
601615 0
601616 0
601699 0
601618 0
601619 0
601388 0
000980 0
000981 0
000900 0
000982 0
000901 0
000983 0
000902 0
000903 0
000985 0
000671 0
000630 0
000672 0
000905 0
000631 0
000987 0
000673 0
000906 0
000988 0
000989 0
000948 0
000949 0
000908 0
000635 0
000676 0
000909 0
000636 0
000638 0
000090 0
000679 0
000639 0
000050 0
000010 0
000012 0
000096 0
000055 0
000056 0
000016 0
000099 0
000058 0
000059 5
000018 0
002790 0
603960 0
002791 0
603920 0
002792 0
002751 0
002793 0
002752 0
002711 0
603963 0
603922 0
002753 0
002712 0
603690 0
002795 0
002713 0
002480 0
603650 0
002796 0
002755 0
002714 0
002481 0
002440 0
603966 0
002797 0
002756 0
002482 0
002441 0
002400 0
603926 0
603693 0
603611 0
002798 0
002757 0
002716 0
002483 0
603968 0
603612 0
600771 0
600730 0
002799 0
002758 0
002717 0
002484 0
002443 0
002402 0
603969 0
603928 0
603380 0
600731 0
002759 0
002718 0
002485 0
002444 0
002403 0
002170 0
603929 0
603655 0
600773 0
002719 0
002486 0
002445 0
002404 0
002171 0
002130 0
603656 0
603615 0
603300 0
600733 0
002446 0
002405 0
002172 0
002131 0
603698 0
603657 0
603616 0
603383 0
603301 0
600775 0
600734 0
600460 0
002488 0
002447 0
002406 0
002173 0
002132 0
603699 0
603658 0
603617 0
600776 0
600735 0
600461 0
600420 0
002489 0
002448 0
002407 0
002174 0
002133 0
603659 0
603618 0
603385 0
603303 0
600777 0
600736 0
002449 0
002408 0
002175 0
603619 0
603386 0
603345 0
603030 0
600778 0
600737 0
600463 0
600422 0
002409 0
002176 0
002135 0
603387 0
603305 0
603031 0
600779 0
600738 0
002136 0
603388 0
603306 0
603032 0
600739 0
600191 0
600150 0
002178 0
002137 0
603389 0
603348 0
600466 0
600425 0
600151 0
600110 0
002179 0
002138 0
603308 0
600467 0
600426 69
600111 0
002139 0
603076 0
603035 0
600153 0
603077 0
603036 0
600469 0
600428 0
600195 0
603078 0
603037 0
600429 0
600196 0
600155 0
600114 0
603079 0
603038 0
600197 0
600115 0
603039 0
600198 0
600157 0
600116 0
600199 0
600158 0
600117 0
600118 0
600119 0
601777 0
601111 0
601155 0
601198 0
601116 0
601199 0
601158 0
601117 2
601118 0
000790 0
000750 0
000792 3
000751 0
000710 0
000752 0
000711 0
000753 0
000712 0
000795 0
000796 0
000400 0
000797 0
000756 0
000715 0
000401 0
000798 0
000757 0
000716 0
000402 0
000799 0
000758 0
000717 0
000403 0
000759 0
000718 0
000404 0
000719 0
000488 0
000407 0
000408 0
000409 0
002870 0
002871 0
002830 0
002872 0
002831 0
002873 0
002832 0
002833 0
002875 0
002560 0
603730 0
002876 0
002561 0
002520 0
600890 0
002877 0
002562 0
002521 0
603773 0
600850 0
002878 0
002837 0
002563 0
002522 0
603733 0
600892 0
600810 0
002879 0
002838 0
002564 0
002523 0
002290 0
600893 0
002839 0
002565 0
002291 0
002250 0
603776 0
600894 0
600853 0
600812 0
002566 0
002292 0
002251 0
002210 0
603777 0
603421 0
600895 0
600580 0
002567 0
002293 0
002252 0
603778 0
603737 0
600896 0
600855 0
600814 0
600581 0
002568 0
002527 0
002294 0
002253 0
002212 0
603779 0
603738 0
600897 0
600856 0
600815 0
600582 0
600500 1
002569 0
002295 0
002254 0
600898 0
600816 0
600583 0
600501 0
002529 0
002296 0
002255 0
002214 0
603466 0
603192 0
603110 0
600858 0
600584 0
600543 0
600502 0
002297 0
002256 0
002215 0
603111 0
600859 0
600585 0
600270 0
002298 0
002216 0
600586 0
600545 0
600271 0
600230 0
002299 0
002258 0
002217 0
603113 35
600587 0
600546 0
600505 0
600231 0
002259 0
002218 0
603429 0
603196 0
600588 0
600547 0
600273 0
600232 0
002219 0
603197 0
603156 0
600589 0
600548 0
600507 0
600233 0
603198 0
603157 0
603116 0
600549 0
600508 0
603199 0
603158 0
603117 0
600509 0
600276 0
603159 0
603118 0
600277 2
600236 0
600278 0
600279 0
600238 0
600239 0
601811 0
601500 0
601898 39
601857 0
601899 0
601858 0
601818 0
601231 0
601588 0
601233 0
601238 0
000830 21
000831 0
000833 0
000875 0
000560 0
000876 0
000835 0
000561 0
000877 0
000836 0
000521 0
000878 0
000837 0
000563 0
000564 0
000523 0
000839 0
000565 0
000524 0
000566 0
000525 0
000567 0
000526 0
000568 0
000528 0
000529 0
002910 0
002911 0
002912 0
603890 0
002913 0
002680 0
002681 0
002640 0
603810 0
002915 0
002682 0
002641 0
002600 0
603811 0
600970 0
002916 0
002683 0
002642 0
002601 0
600971 1
002917 0
002684 0
002643 0
002602 0
603895 0
603813 0
002918 0
002685 0
002644 0
002603 0
002370 0
603896 0
603855 0
600973 0
002919 0
002686 0
002645 0
002604 0
002371 0
002330 0
603897 0
603500 0
600933 0
002687 0
002646 0
002605 0
002372 0
002331 0
603898 0
603816 0
603583 0
603501 0
600975 0
600660 0
002688 0
002647 0
002606 0
002373 0
002332 0
603899 0
603858 0
603817 0
600976 0
600661 0
600620 0
002689 0
002648 1
002607 0
002374 0
603859 0
603818 0
603585 0
600977 0
600936 0
600662 0
600621 0
002649 0
002608 0
002375 0
002334 0
002060 0
603819 0
603586 0
600978 0
600663 0
600622 0
002609 0
002376 0
002335 0
002061 3
002020 0
603587 0
603505 0
600979 0
600664 0
600623 212
600390 0
002377 0
002062 0
603588 0
603506 0
600939 0
600391 0
600350 0
002378 0
002063 0
002022 0
603589 0
603507 0
603233 0
600666 0
600392 0
600351 0
600310 0
002338 0
002064 0
002023 0
603508 0
600667 0
600626 0
600393 0
600352 0
600311 0
002339 0
002065 0
002024 0
600312 0
002066 0
002025 0
600628 0
600395 0
600354 0
600313 0
600080 0
002067 0
002026 0
603278 0
600629 0
600355 0
600081 0
002068 0
002027 0
603238 0
600397 0
600356 0
600315 0
600000 0
002069 0
002028 0
603239 0
600398 0
600316 0
002029 0
600399 0
600358 0
600317 0
600084 0
600318 0
600085 0
600086 0
600004 0
600006 0
600089 0
600048 0
600007 0
600008 0
600009 0
601933 0
601975 0
601390 0
601939 0
601666 0
601311 0
601668 0
601669 0
601628 0
601000 0
601398 0
601001 0
601002 0
601318 0
601003 0
000990 20
601319 0
601086 0
000950 0
601005 0
000951 0
000910 0
601088 1
601006 0
000993 0
000952 0
000911 0
601007 0
601008 0
$HIVE_ 0
601009 0
000996 0
000955 0
000681 0
000997 0
000682 0
000915 0
000600 0
000998 0
000957 0
000683 72
000601 0
000999 0
000958 0
000917 0
000959 0
000685 0
000918 0
000603 0
000686 0
000919 0
000687 0
000605 0
000688 0
000606 0
000607 0
000333 0
000608 0
000060 0
000609 0
000061 0
000020 0
000062 0
000021 0
000063 0
000338 0
000023 0
000065 0
000066 0
000026 0
000068 0
000027 0
000069 0
000028 0
603970 0
002760 0
002761 0
002762 0
002721 0
002763 0
603933 0
002490 0
603660 0
002765 0
002491 0
002450 0
603976 0
603661 0
002766 0
002492 0
002451 0
002410 0
603977 0
603936 0
600780 0
002726 0
002493 0
002452 0
002411 0
603978 0
603937 0
603663 0
600781 0
600740 62
002768 0
002727 0
002494 0
002453 0
002412 0
603979 0
603938 0
600782 0
600741 0
002769 0
002454 0
002413 0
002180 0
603939 0
603665 0
600783 0
600742 0
600701 0
002496 0
002455 0
002414 0
002140 2
603666 0
600784 0
600743 0
600702 0
002497 0
002456 0
002415 0
002182 0
002141 0
002100 0
603667 0
603626 0
603393 0
603311 0
600785 0
600703 0
002498 0
002457 0
002416 0
002183 0
002142 0
002101 0
603668 0
600745 0
600704 0
002499 0
002458 0
002417 0
002184 0
002143 0
002102 0
603628 0
603313 0
603080 0
600787 0
600746 1
600705 0
002459 0
002418 0
002185 0
002103 0
603629 0
603396 0
603355 0
603081 0
603040 0
600706 0
002419 0
002186 0
002145 0
002104 0
603356 0
603315 0
603041 0
603000 0
600789 0
600748 0
600707 0
600433 0
002146 0
002105 0
603398 0
603357 0
603316 0
603083 0
603042 0
603001 0
600749 0
600708 0
600475 0
600160 0
002188 0
002147 0
603399 0
603358 0
603043 0
603002 0
600476 0
600161 0
600120 0
002189 0
002148 0
603359 0
603318 0
603085 0
603003 0
600477 0
600436 0
600162 0
600121 0
002149 0
002108 0
603319 0
603086 0
600478 0
600122 0
002109 8
603005 0
600479 0
600438 0
600123 7
603006 0
600439 0
603007 0
600166 0
600125 0
603008 0
600167 0
600126 0
603009 0
600168 0
600127 0
600169 0
600129 0
601700 0
601788 0
601789 0
601162 0
601163 0
601166 0
601126 0
601168 0
601127 0
601169 0
601128 0
000761 0
000762 0
000721 0
000722 0
000723 0
000766 0
000725 0
000410 0
000767 0
000726 0
000411 0
000768 0
000727 0
000728 0
000413 0
000729 0
000415 0
000100 0
000498 0
000416 0
000417 0
000418 0
000419 0
002880 0
002840 0
002882 0
002841 0
002800 0
002883 0
002842 0
002801 0
002843 0
002802 0
002803 0
002570 0
002886 0
002845 0
002530 0
603700 0
002887 0
002805 0
002572 0
002531 0
603701 0
600860 0
002888 0
002847 0
002573 0
002532 0
600861 0
600820 0
002889 0
002807 0
002574 0
002533 0
603703 0
600862 0
600821 0
002849 0
002575 0
002534 0
002260 0
600863 0
002809 0
002535 0
002261 0
603787 0
600864 0
600823 0
600590 0
002577 0
002536 0
002262 0
002221 5
603788 0
603706 0
600865 0
600550 0
002578 0
002537 0
002222 0
603789 0
603707 0
600866 0
600551 0
600510 0
002579 0
002538 0
002264 0
002223 0
603708 0
603160 0
600867 0
600826 0
600593 0
600552 0
600511 0
002539 0
002265 0
002224 0
603161 0
600827 0
600594 0
600512 0
002266 0
002225 0
603477 0
603121 0
600869 0
600828 0
600595 0
600280 0
002267 0
002226 0
600829 0
600596 6
600240 0
002268 0
603123 0
600597 0
600515 0
600282 0
002269 0
002228 0
603165 0
600598 1
600557 0
600516 0
600283 0
600242 0
600201 0
002229 0
603166 0
600599 0
600558 0
600517 0
600284 0
603167 0
600559 0
600518 0
600285 0
600203 0
603168 0
603127 0
600519 0
603128 0
600246 0
603129 0
600206 0
600289 0
600248 0
600208 0
601860 0
601866 0
601869 0
601828 0
601595 0
601555 0
601515 0
601200 0
601599 0
601518 0
601288 0
601208 0
000881 0
000882 0
000800 0
000883 0
000801 0
000802 0
000885 0
000570 0
000886 0
000571 0
000530 0
000887 0
000531 0
000532 0
000888 0
000848 0
000807 0
000889 0
000534 0
000536 0
000537 0
000538 0
000539 0
iotmp 0
002920 0
002922 0
002923 0
002690 0
002650 0
603861 0
002925 0
002651 0
002610 0
002926 0
002652 0
002611 0
603822 0
002927 0
002694 0
002653 0
002612 0
603823 0
603590 0
600982 0
600900 0
002928 0
002695 0
002654 0
002613 0
002380 0
600983 0
600901 0
002696 0
002655 0
002614 0
002381 0
002340 0
603866 0
603825 0
600984 0
002697 0
002656 0
002615 0
002382 0
002341 0
603826 0
600985 2
002698 0
002657 0
002616 0
002383 0
002342 0
002301 0
603868 0
600986 0
600630 0
002699 0
002658 0
002617 0
002384 0
002343 0
002302 0
603869 0
603828 0
603595 0
600987 0
002659 0
002618 0
002385 0
002344 0
002303 0
002070 0
603596 0
603555 0
600988 0
600673 0
002619 0
002386 0
002345 0
002304 0
002071 0
002030 0
603556 0
603515 0
603200 0
600674 0
600633 0
002387 0
002305 0
002031 0
603598 0
603557 0
603516 0
603283 0
600908 0
600675 0
600634 0
600360 0
002347 0
002073 0
002032 0
603599 3
603558 0
603517 0
600909 0
600676 0
600635 0
600361 0
600320 0
002389 0
002348 0
002307 0
002074 0
002033 0
603518 0
603203 0
600636 0
600362 0
002349 0
002308 0
002075 0
002034 0
603519 0
603286 0
600637 0
600363 0
600322 0
002309 0
002076 0
002035 0
600323 0
002077 0
002036 0
603288 0
600639 0
600050 0
002078 0
002037 0
603289 0
600366 0
600325 0
600010 0
002079 0
002038 0
603208 0
600367 0
600326 0
600093 0
600052 0
600011 0
002039 0
600368 0
600327 0
600094 0
600053 0
600012 0
600369 0
600328 0
600095 0
600054 0
600329 0
600096 0
600055 0
600056 0
600015 0
600098 0
600057 0
600016 0
600058 0
600017 0
600059 0
600018 0
600019 0
