003019
300549
300727
300064
688135
688179
300432
300903
300584
601008
600428
600689
601919
600733
605007
605338
601127
600199
600189
002813
002646
002040
605333
002553
000560
002172
601866
000517
600798
000523
000615
601228
000545
300223
300238
300590
300241
300863
605008
002664
688333
000625
000582
300471
300100
300442
300131
000811
688129
605088
300582
300390
002621
603986
601698
300893
300126
000155
000537
603109
601968
600989
688595
603558
600737
600026
002342
002878
300029
600166
300828
000961
605358
300106
002083
605018
600258
600335
000153
600071
000656
600543
300232
000338
603733
600280
601339
688536
601018
603031
002975
300403
002466
600017
605366
688160
002592
002496
002142
002021
000820
000088
300782
002716
689009
600805
603167
600619
600255
002875
300884
600754
300507
600300
000029
300350
300266
300255
600121
600006
600628
002353
300103
600823
002206
688155
300672
300236
300906
600290
300855
000687
600109
601326
300698
000507
002240
688013
300323
300652
003009
601872
000905
002232
688588
002105
300689
000923
000727
600383
002978
000868
600525
600340
603013
601598
300304
300019
603825
300446
300707
688133
002856
002651
002239
300718
600785
000877
000715
603515
000667
002125
002292
000530
600375
600960
002536
600584
300811
603155
600073
600257
300419
603565
000838
002320
300190
002163
600738
002454
688585
000736
603002
300898
300140
601808
600067
603321
600381
600048
002639
600018
002860
600136
600717
600703
601000
600122
000911
603225
300742
300643
600481
601500
600328
600063
688388
002909
300301
000797
002284
000708
002103
002004
600782
002154
002721
600817
601702
300781
300547
002087
600507
300829
002366
300905
002244
300433
600926
300144
601298
601975
002238
603982
600470
300215
002068
000895
603005
002042
688577
300335
000550
300796
600466
300617
300191
002965
001979
601965
300279
605136
000897
300766
002146
300339
603856
600804
601880
000752
300252
603536
000800
600279
000690
002751
688529
300850
600146
600418
000957
000959
300342
002510
002715
605050
300367
600741
300313
300016
002186
605255
000601
300199
300576
000610
000001
300999
300578
000780
603040
603050
300261
002629
000931
600695
601456
300087
605066
300062
601218
300787
000002
601878
300021
603599
605009
600183
300115
300670
600208
300809
605399
002132
600158
601208
002191
002055
601838
603008
300243
600970
600735
000651
002885
600313
002283
002441
000971
000930
300001
688188
002115
002645
603686
003000
002601
603578
002760
603319
603997
600029
000926
002708
002822
300022
600345
603161
600129
600317
002064
000613
600333
603667
600167
603214
601111
600004
300119
000856
002371
002756
603297
601200
000027
600596
600171
601021
002462
002051
300673
000598
000069
600233
600460
300902
600748
002401
000965
603156
601187
300886
300694
600299
002192
000581
603129
601999
002919
603829
603681
600012
603618
603466
600657
300812
002022
300032
300225
002765
600213
300245
300720
000678
000851
000822
603316
300176
600076
300880
300218
002256
000541
603979
002891
002319
600036
002185
002778
603555
300157
600696
600723
002355
000410
002899
600325
000031
600559
601155
002640
300508
600152
002348
603908
605388
603068
300817
002448
000757
002009
603339
300303
000880
603192
001872
603656
603703
600303
300420
000600
601677
603755
002449
002883
603680
002305
603303
600585
300824
600297
600667
000570
603300
600382
002014
300312
300616
000850
300381
600390
002693
002545
300860
600555
300430
600250
002501
603360
000933
300586
002725
000520
601777
600125
300192
300895
600510
601388
600622
002558
603238
002977
300741
600322
002034
002035
000096
600675
000619
002769
000589
002262
600386
002003
300093
000659
600583
002394
600702
600388
603306
002365
300128
603669
605001
300611
002016
600715
603113
002859
600106
002442
000951
603035
688037
002749
688561
603501
300779
300410
600606
600162
600376
600350
002157
601633
603076
300514
300281
600112
002801
600265
000400
300220
600743
002515
688165
601577
601166
600361
300499
002852
688003
600287
600155
000650
000735
603037
603221
002550
002469
300858
603677
300897
603801
601928
600246
603023
002563
002758
300061
603895
300572
600690
002535
002503
000089
002241
000789
603181
002377
605222
600310
603323
605128
601126
300360
600190
600052
600979
600830
600548
300247
688056
000006
300853
000988
002620
000671
600094
002451
601588
300477
600173
600794
300483
600834
600963
600626
300521
600580
002372
002367
300866
603889
600229
601579
002222
300189
688058
600884
601997
300680
601128
600618
603009
603018
002350
002526
002110
300377
601512
601318
002475
600897
600243
603931
300234
300472
002252
300068
002196
002684
600674
600704
002732
603816
002194
000510
600118
688016
600377
600338
601601
600933
002127
600653
002156
600232
300825
300306
600616
600266
600821
002892
000705
603488
601816
002193
600725
000045
300843
601233
002002
002617
300095
000023
000402
002776
603629
600098
002453
601818
603613
002863
600755
002913
002743
601003
603099
600854
605006
000565
600177
600320
603586
688339
600262
300475
603399
600008
600838
688100
603787
603212
601619
603612
002637
300256
002248
002209
002661
603218
000063
002133
600500
601939
002140
300685
600790
600683
002334
300224
002381
002324
600533
600649
002483
600486
300505
000040
002945
600873
000513
600705
002926
002330
600575
600999
600075
002797
600746
601107
002408
300219
000090
000617
300833
603166
002539
600688
002490
600329
600958
002619
000628
603363
603095
600373
600433
688008
600000
300180
002839
600787
600077
300569
002270
600936
000902
002809
600089
600426
002481
600660
002569
300429
600356
688108
300421
688080
002910
688289
600736
300116
300901
300738
603335
600011
600327
600064
002419
603020
600332
601869
002735
603081
000046
003017
600640
000980
000732
000514
601006
603042
600235
603228
000039
000861
605058
600522
000883
600708
002054
002734
000593
300626
000415
300609
000008
000695
600389
601238
000631
688015
002705
300580
600405
600393
300650
601857
000803
601188
002090
001965
000719
603799
000534
000573
000721
603169
600993
600160
000848
002144
600956
300094
603726
603178
603121
603893
000401
600771
300585
002840
603596
601900
000700
600713
600256
002363
603848
688020
002966
300876
601328
002666
000587
000532
603385
600668
000733
600272
600319
600491
002300
000812
000540
300091
002375
600138
603136
688288
000019
600499
688550
600586
000333
002159
600985
600582
002478
300554
002939
600416
603290
600104
600692
600400
600843
600082
600664
600115
000430
688030
603368
600567
600105
600654
600774
600209
002568
002486
688396
002412
603429
002542
300197
600928
601727
603110
002881
601668
601015
002279
600223
600251
002508
300810
601827
000636
002543
600131
002151
300651
600268
002102
300011
300799
600200
603699
300072
600030
002309
600818
002936
300214
000042
603012
000007
601390
000966
600901
002906
002010
601607
688012
600908
688007
002745
002118
000590
300265
600880
001896
603900
002446
603022
000606
002011
300816
002596
603286
603197
600495
601933
002533
300772
600601
603758
603021
600083
002048
300595
600028
002093
603226
600605
600425
000036
600015
600867
600846
300070
002224
002073
603860
300203
600237
002276
603103
002742
600976
603800
002979
603896
600896
000551
600592
601077
300183
600060
000919
600479
600698
002089
600478
000035
601566
002058
600749
000726
003008
600249
600091
002671
688158
600886
002648
600231
300600
601169
002668
000925
601518
601333
605108
002938
600050
002274
002549
300722
000686
603958
002948
300354
600365
300173
000886
002679
603390
601398
601998
600593
603001
002534
002841
601801
002101
600609
300687
002808
600007
300290
002100
600159
603823
000987
000572
002703
300391
600909
603486
600351
600033
003816
600308
600883
002872
600757
002061
002306
603089
603278
002165
600758
688023
002398
002492
603999
600406
002390
000059
601996
600035
600650
600919
600239
002772
600814
002015
002692
000996
000759
600339
601019
002690
300382
300498
600881
600684
600252
601330
002707
002444
002598
002131
600981
000761
603580
600577
688168
002337
603727
000429
002858
000712
600829
600269
600665
002226
601088
600890
600498
600959
600021
000576
000539
000937
600509
600380
603039
002818
002699
603826
600939
605111
002561
600392
601229
600716
002682
605318
002242
601860
601226
002516
601916
000927
000968
600629
002807
601899
000548
002249
603088
300695
603187
600025
600261
000553
002599
002513
002303
600641
688001
002480
600236
600009
000301
002647
000591
600918
603966
002181
603737
600730
000717
002059
600148
600192
601555
603619
000627
002213
603338
600016
002718
688055
000498
600676
600429
603655
601001
000668
603729
600642
002282
601766
603679
002128
600673
002294
600379
002182
002012
600176
600133
000488
000605
600385
600639
600062
300302
603926
002077
000821
603557
688208
002927
002227
600056
600729
300307
600520
300899
601009
600551
600643
600841
605178
603949
300721
600409
002556
000967
600421
600793
600588
603359
600826
603006
603798
600420
600750
600718
300470
688078
300686
000885
002020
600081
002032
300837
601116
000504
603928
605158
002736
300653
603808
603959
300415
300423
600061
603985
002817
300723
603967
603788
603898
300566
603813
603379
300174
002781
688028
601336
601628
603833
002410
688018
688009
603980
603963
603768
603757
603665
603648
603589
603567
603377
603117
603111
601988
601718
601699
601658
601608
601288
601258
601186
601177
601099
601010
601002
600917
600871
600864
600863
600828
600816
600815
600795
600780
600721
600694
600693
600687
600637
600611
600595
600578
600569
600558
600528
600512
600463
600462
600415
600403
600369
600301
600295
600288
600277
600228
600226
600225
600221
600220
600202
600191
600170
600163
600153
600108
600086
600054
600027
600020
300669
300654
300422
300351
003004
002958
002895
002865
002846
002673
002662
002653
002630
002586
002575
002574
002567
002482
002447
002437
002403
002385
002347
002344
002333
002325
002316
002280
002228
002219
002200
002116
002085
002071
002067
002060
002037
002029
002027
002013
000982
000973
000972
000953
000950
000909
000900
000813
000778
000709
000665
000616
000611
000609
000563
000558
000528
000516
000419
000407
000404
000166
000157
000056
000030
603345
300679
603989
000739
003010
603158
601211
300740
002078
600872
002158
688138
002233
600141
300059
300209
002250
600663
603017
603698
603199
002888
002079
000626
688398
002043
600097
601828
600422
002674
002424
600624
000828
000151
000408
600276
605003
000989
300848
002001
603003
600315
600995
002500
600727
002057
000906
600706
300296
603365
600031
601799
000061
600992
300400
002969
603738
603789
600113
002608
300455
600630
603817
601198
688088
002580
601137
600877
603885
002789
000888
300124
600710
002231
600820
002957
603351
601368
600825
603268
600987
002130
000859
601100
002328
600283
688508
688369
600444
603038
002179
300732
002782
603676
603366
002614
002349
600306
002737
603160
600107
600603
002423
000852
600550
000055
002951
000833
601688
600053
002487
002433
000554
000062
002788
600210
603227
600545
600802
600608
300703
002084
603637
603326
600977
000632
000912
601990
688598
300036
000543
601007
002815
002265
000409
002336
600962
000922
600490
600719
000875
600724
603025
003001
002430
603458
688596
600458
002135
002246
002634
002739
000791
600801
000825
000755
603803
601788
300458
600128
000819
000680
002443
600241
002676
600230
603706
603955
600068
688099
688379
002564
002527
600853
603818
600387
002643
000716
600969
600671
600282
000970
002033
002687
002354
600051
000014
600868
002790
000836
002502
002961
000999
601106
603556
600697
002188
000898
603118
600363
300416
002384
601666
002521
600101
000728
002655
002026
000783
600186
688310
688098
603607
002589
002119
002254
600808
601568
000150
688559
002826
300295
600423
600353
603059
002393
000756
600399
000702
600217
002868
002907
601158
002322
600850
600681
002905
000017
002963
002925
600275
600682
600455
603421
601108
688528
000887
000913
600561
002722
002195
002291
002713
600968
600188
002916
002611
603222
688199
002786
002641
603098
002565
002522
002044
000707
000156
002310
603611
601369
300571
002072
601567
002038
002774
002731
601985
600508
603080
002675
000881
603863
600100
000802
002670
300054
601901
002828
000788
002494
002370
300526
600861
300587
600728
002155
300538
600652
601319
600302
000929
000809
600452
603269
002122
000509
002189
603866
600635
688356
002497
601989
600753
002327
600996
600720
603588
003007
603998
002435
000960
002161
002538
600975
600860
000078
603948
000862
300166
000568
600502
000993
600103
002313
000608
603822
600180
601117
603496
300502
603616
300562
002088
600686
600837
600858
300229
000901
603585
600354
300024
603707
300298
000048
600408
002632
600360
300440
002269
603876
002972
300495
600576
600965
603010
600811
300753
603387
603055
688156
600023
000531
002738
002573
603682
600367
603909
603367
300441
603053
603217
601038
300277
601949
300699
002689
002273
002857
002793
600168
300338
300025
000750
002406
002587
300849
300389
000403
002081
601696
300182
600346
002805
601375
600831
601881
000917
000777
600475
603933
600123
002307
002730
300031
002566
300108
603032
002139
603093
002748
600540
601595
603015
601118
002392
000731
601113
002855
000790
601020
300069
600751
600678
002174
600572
000070
300098
002517
002108
000417
600563
002162
000679
600777
600638
603878
600370
002267
600487
300088
300047
002298
002800
002485
002335
600307
603633
002590
002364
600615
603701
002114
300567
002970
600358
600326
000978
000807
688363
603320
300476
300826
300481
603551
600602
002870
688060
600535
300386
002726
300017
603236
002644
002473
002369
601086
000997
600929
603036
601992
000835
002429
688215
002361
300012
000068
000672
300761
600439
002107
600887
600530
002955
002766
002714
000620
002795
600212
300349
300033
603617
601162
600267
300398
002811
600648
600565
000637
000025
688068
603518
601377
603357
603739
002633
300543
002635
000020
002792
603603
600590
000428
300179
002762
600731
600894
600839
002472
603533
000952
603388
002931
002836
600291
002886
600222
300457
000666
000638
600621
601890
000538
603116
002008
600797
002902
600557
300146
002471
002440
300503
300889
603030
002277
603566
300196
603639
601618
600869
603045
603969
600130
300251
603079
003003
603195
600292
000005
002628
002452
002960
002097
601101
000050
600857
002395
600666
002930
600971
000839
600566
002098
603766
000767
300511
601366
300456
002678
002523
000737
300460
603587
002820
600110
600039
603299
000065
002514
002198
000779
600875
002933
002603
603922
002053
002719
000584
600503
603577
688029
002685
002340
002922
603678
300802
603950
002484
601811
300204
600562
600983
601011
600536
688299
603329
600193
002147
603369
002665
603790
601958
000623
002183
600449
300057
688278
002915
002554
002121
000682
300839
300383
603266
600865
603298
600990
300439
600594
000416
600848
000421
002199
000899
603330
002780
002302
300630
600506
600519
688101
600775
002753
605336
002842
603315
000662
603530
000557
603139
002357
603776
603991
603797
600323
600285
300158
002548
600156
600161
002767
603356
603806
600058
300034
603348
002660
300378
300230
002672
600055
600143
002474
000949
002917
000657
603043
600116
002259
603880
000863
605118
300497
000918
300006
603232
600651
000159
603590
600084
002663
002356
600789
600312
002519
000038
600778
600359
002217
601519
601179
688586
601800
600978
600366
603028
603289
000685
603713
002588
002039
603868
600879
601069
600483
600570
300613
002041
002062
601789
600998
002928
600539
300808
300777
688111
603689
603499
603693
601616
002455
300341
688010
002489
002221
600446
600184
600150
002229
600707
002654
000977
688505
300125
000751
600215
002918
603305
601929
601611
002205
600776
300284
600982
002170
002887
002929
300710
000892
000525
603115
688218
600057
605123
603000
601236
300756
000425
002896
600604
002893
000928
600647
300648
601199
300537
300193
002606
300552
600662
300164
688186
601669
605166
603165
300645
002570
000607
600874
688555
002697
300618
601138
600448
002864
000546
300184
002832
300413
002848
600822
002935
600579
300604
603358
600824
600169
002293
300454
002873
000561
002879
002358
000882
002688
000426
603389
002421
600198
600517
002049
002264
300462
000753
600488
600149
000501
300168
002761
002069
603887
002150
000529
300013
002696
300293
002152
300113
300788
000592
000786
600227
000599
600311
600819
600218
002397
688200
603595
603786
002897
603090
002694
605218
603185
603327
600742
688377
600781
600661
002467
603728
300661
603717
603559
688004
688558
002491
300486
603029
002275
300371
601360
600066
600260
600552
002986
300291
000722
600866
000060
002984
300170
002923
300133
603716
002493
600655
002667
688579
300082
600178
300449
600836
603196
603157
603159
002287
300641
002992
600581
300201
600739
603105
300657
002763
002981
603838
603700
600679
600085
300038
000889
603815
600597
000910
603890
600600
600378
300627
000413
603568
300052
601700
002204
300759
000422
002321
603938
002411
300344
688039
603811
601918
300137
002631
688081
600722
688178
002137
300409
002942
601168
300315
300053
000958
600882
000697
601515
600620
002268
688096
002338
300523
603956
000521
300030
600336
002495
600234
002830
600090
600059
002376
002374
600398
300510
300748
600796
603696
300384
002877
002900
000948
002422
603843
002468
002432
603609
601898
002308
600984
600712
603277
000639
600833
002869
000776
002999
002160
600482
601066
600072
002562
002488
603260
002518
600480
300188
000544
603978
601311
300520
300077
000723
600179
002498
002740
300546
300049
688126
000815
600770
002166
000932
000566
002505
603123
002717
002898
600318
600568
002388
000691
000603
002947
688286
600284
002297
300292
688488
300736
000663
000729
600769
300078
600851
300516
600343
000935
000681
603101
002791
688093
601139
600903
600792
002201
603711
603662
002657
000703
300355
605199
002723
300726
300676
600362
600371
300231
002530
002266
000519
603506
003016
600644
002082
600476
002197
300136
688157
002235
002658
600613
600119
600800
601005
600623
300882
002701
300737
600278
300285
002465
002212
600598
002215
600847
300536
601886
603970
300150
002615
002551
601068
002609
002271
603936
688090
603899
600435
002949
603657
300550
300143
603056
002649
688569
600247
000823
002980
603328
600895
000938
300426
002457
603882
000983
300359
300892
603773
601991
603332
600120
600745
601952
002843
600599
600355
002056
002255
002187
600538
002431
002921
000552
688256
300800
600137
600216
000998
603189
000502
600617
002602
688022
300690
300517
002251
600513
300222
002622
000795
300044
002652
000766
600298
000564
300771
000049
600587
601969
300488
002952
600493
000793
002296
601858
002770
600756
002272
603569
603828
002591
600967
300768
300248
603687
300443
002529
300534
600870
003012
002177
688981
600126
000701
002345
002583
002314
002339
300081
603917
002427
600477
002005
000673
600571
603660
300211
600088
601231
000652
600099
002050
603288
002343
300900
002387
000655
600419
002148
000858
002301
002023
603867
000713
605100
000963
000026
600997
002438
002528
000762
600966
603598
603126
603229
002066
300322
000066
603336
603256
002940
600070
002126
002399
002627
605099
300666
603929
002577
603386
002686
300805
300769
002827
603636
002616
000518
002698
002579
603308
002989
002775
603408
300404
002962
002153
603666
300500
300048
000837
300522
002112
300212
600238
603131
600195
600560
002476
603033
600078
600784
002024
600537
000860
300045
300743
002311
002351
002207
600855
600505
600862
600273
603078
600714
300459
688335
603685
600973
300134
002537
002380
688128
603658
300851
002470
300793
600892
000688
300424
603317
603283
300289
002362
002046
688589
002247
002391
000810
603937
002823
600610
603311
600207
300058
002607
300288
603505
002017
603508
002941
603309
601058
002825
002656
605188
002006
002063
000586
002733
000758
600612
603960
002373
002463
300830
603992
002312
000826
688365
002134
688321
300379
300691
002547
002211
002326
000567
300453
002771
603223
600372
002584
002582
000016
002983
603602
002245
002953
300130
300101
002285
600783
000692
300474
603968
002332
603444
603337
002851
002460
002208
300071
688181
300227
002104
002111
300665
300407
603380
002315
002642
603019
600501
600766
600633
300434
300112
002757
002065
603239
002169
300148
002360
600010
300198
000058
601599
300750
002318
300300
600489
300401
300452
000962
002597
603810
603858
603626
002557
600038
300662
000661
300573
600352
300308
688336
603721
603683
601212
300364
000806
300790
002405
300075
300175
603168
300649
603393
300713
300352
000969
300487
688196
600309
002025
002861
002323
603730
600305
300785
000099
688268
603888
002880
603527
300076
300065
002074
002341
300387
300327
300596
600348
600271
000915
603058
603100
600791
603610
300271
000683
603977
600127
002908
600547
300249
300885
600658
300282
603777
300347
688360
300512
300161
002724
002571
300599
300637
300879
603668
300259
688318
600986
603087
688258
300043
002787
688309
002594
002595
688518
688033
300803
002991
002173
000921
300493
002317
002368
000890
002967
002746
600117
300883
600410
300207
002329
603128
000720
603690
300862
300309
002243
003018
300074
002099
600093
603861
603500
300558
688330
688567
002436
000533
688169
603661
300263
300079
600095
300257
300363
300622
600497
603990
000920
300067
603809
002278
300633
600182
300326
002261
002168
300260
300712
002019
600876
300169
300235
300762
600201
601778
002417
300097
300730
002810
300417
000876
300357
300820
688788
600645
300274
603355
300464
688177
300878
300195
002095
300701
300135
002464
688551
300297
002796
002712
002045
000420
300258
300478
603138
300346
300368
688050
688466
300482
300268
600980
000698
603085
300797
603016
603722
002507
002506
002531
002959
300570
002593
003006
300080
000597
300783
002203
688123
300395
300872
002638
002352
300801
603615
600461
002920
300620
600397
002180
002253
002990
300385
002439
688566
300473
300152
002295
603939
300465
600281
002968
688313
688159
002755
603688
300561
000037
300366
002903
300264
000503
002768
300484
300559
300711
002871
300832
600699
603517
603011
002092
000975
601615
002109
300373
603778
002849
603606
000585
688118
300310
600022
603489
688166
003013
300667
603918
300200
300448
000725
603915
600889
300504
000028
688600
000669
603767
600759
300865
002546
601606
000798
002911
600726
603106
300121
002625
002425
688228
600080
002560
600589
600368
600242
600459
300706
600856
688011
002178
603220
002837
603066
603477
300324
002540
600888
002862
600531
300066
600467
603127
002971
002175
300506
002937
300716
002659
600132
601016
002741
300674
600767
000831
300501
300336
002829
300655
600900
300388
002821
601399
300254
002124
300287
300005
603927
601028
603719
300319
300358
002866
002912
300050
300583
688221
300159
002700
002218
688180
002413
002618
002076
300083
300320
300607
300151
300380
002007
688002
300160
300660
300114
600172
300871
300778
600636
300725
300039
000524
300815
300280
688368
300026
002383
603600
300509
300542
300479
603819
002288
300775
300684
300276
000506
300278
300731
300369
000908
002426
603877
603180
600529
300632
300528
000635
300605
688519
688378
002346
002120
300085
600259
300821
300286
002997
603663
603067
688026
000536
002831
603519
300496
300330
688521
300294
300602
300345
000505
600809
601717
002106
300682
300639
000423
603903
000010
603869
688357
688021
600185
300705
300153
300593
000021
603516
000559
300451
600248
000955
600391
300102
002982
300531
002988
002783
601995
688222
600803
603638
002113
603203
300608
603608
603859
300145
300551
601877
300374
002091
600436
002729
000818
603353
300250
300840
600768
300273
002428
300877
603718
300700
002702
688300
600516
002511
300765
300117
600711
300020
600496
000799
688556
300244
002123
002816
600469
600395
300444
603398
300105
002677
603177
300480
300425
000711
002806
688025
603906
300162
002386
600734
300767
688520
300539
603096
002504
300644
002167
300861
300408
300545
601012
002950
603258
603007
300606
300055
300226
601908
601882
603697
002901
002681
002727
600773
003015
300396
300615
600289
000710
603069
600521
000596
300348
600691
300519
300581
002136
002396
600337
002047
300525
002845
002552
600765
603871
600532
300332
603383
688027
300875
300513
600885
688106
002850
603839
300165
300089
300139
300575
002752
300564
300009
000011
002520
688202
300466
300325
002524
002572
000032
603538
300490
003005
300792
603186
600764
002184
002304
300333
603077
300887
688089
300328
300435
300683
603183
300469
002747
002624
000830
605116
002555
000990
300447
600206
600812
300463
600111
300709
002636
300592
300530
300776
300246
002695
002299
000936
002031
002559
600549
300873
300376
002237
300208
300147
300675
688599
300181
600019
300027
300818
688338
300791
002613
002833
300406
300881
688233
600219
300202
605288
300467
600468
300780
600573
300591
300563
603983
603179
300275
300635
300042
601798
300735
603879
688229
300553
600037
603601
688051
300163
600523
300210
002258
688085
300556
300305
688568
300393
600961
300598
603188
002626
601600
300237
002576
002600
600114
002420
300696
300755
300770
002263
603920
300468
002190
002650
300267
300659
300427
002281
300365
601888
300664
603507
603988
300624
300414
000893
600518
603027
603995
600330
600079
603579
603112
000633
600511
002946
688036
300317
300702
300086
300399
688006
688513
688086
603897
600145
300658
600810
002876
002409
300154
002389
300370
300110
002400
300107
300353
603086
603060
002415
603993
603630
300494
601225
300739
002799
600761
601216
000547
300213
002853
300194
688057
300270
002932
603279
603439
002987
688516
003011
002691
000785
300111
002943
002890
300185
603133
300461
300283
300640
002835
300773
002286
002202
002141
601636
600135
300752
688418
603233
000981
600526
600732
600316
300004
300836
300120
002230
002779
603208
002819
603650
300533
300831
002080
300056
300394
688095
688500
002461
002176
000801
300040
300142
600988
600151
300636
603267
600331
300527
002456
603108
002956
300597
002773
603916
300729
603901
603456
688312
002223
688580
300003
600685
300838
002479
688366
603881
002706
002750
002378
300155
001696
300757
300663
002728
002882
300603
605198
300864
002434
600527
300177
688185
600844
002995
603041
300233
000782
300841
300715
000630
300589
603396
002164
600740
300375
300859
600898
002459
002094
300693
300760
688069
300518
300002
300656
603331
300813
300051
300205
002867
601678
002216
300438
300789
002117
300023
300436
603318
002612
300747
300008
603912
300535
300529
300896
300418
300628
300206
600165
300890
603322
300719
300847
000629
603259
300073
300867
300647
300149
300827
000158
300822
300096
300405
002544
300621
603313
600187
300337
688065
300221
002605
300007
002824
300411
300565
601689
300846
300515
300619
603520
300299
603709
688116
300577
000718
002581
002973
000878
002145
605369
603528
601098
600779
600096
300708
300638
600807
300625
300668
601163
300671
300262
300118
300178
300311
002225
000976
300697
600197
300758
002532
300046
603987
002985
603883
300629
300594
688386
601222
300099
300063
300123
300240
000738
300141
300343
002458
600157
002812
300437
300485
002585
002445
300579
600515
603996
300631
300132
300557
603200
000100
002290
603198
605169
002404
603583
688389
300492
603026
300681
002578
300751
002379
300548
000796
688198
300612
002052
603535
300014
688393
002214
300857
300445
002418
000612
300239
300010
300532
688066
300018
688127
603333
600634
300540
603779
300242
002382
300888
300692
300015
002402
002610
688017
300397
603392
300541
300428
300450
688019
002171
002289
600845
688526
300172
002847
002028
300869
300402
603083
000903
002803
000526
300634
300891
002086
300129
600293
300642
688189
688408
300138
603725
603708
000869
688077
600546
300555
300412
000595
300733
002499
600139
300316
002129
601609
300217
000768
000009
688266
300109
000571
002210
002683
000677
002149
603712
300845
688358
603605
002838
300868
688277
002669
002976
600760
600456
300269
600893
300623
000555
002798
300318
300356
300819
300340
002234
601966
300806
603886
002998
688005
002036
603301
688298
688139
603919
600827
000411
300588
002030
605168
300187
300084
300852
300037
300856
002512
300171
600396
300763
300127
600438
688311
300746
000012
002075
300601
300272
300491
300035
300795
002138
002777
688301
300334
600556
603378
603659
002541
000676
002096
300717
300870
300167
300392
002236
300314
300823
002996
688399
002407
300321
603976
000985
300842
300678
600835
300329
002802
002414
002623
300489
300786
300228
300610
600744
601865
002709
300568
603416
300253
300798
003002
603855
001914
300041
300560
688390
600196
300677
300745
688122
603063
000004
300807
600763
300749
600211
300092
002993
300835
300331
002889
300688
002416
603628
000622
600859
600203
002759
000829
000816
002884
000034
002331
002785
600321
300724
300122
000760
000670
688777
688688
688578
688557
688219
605266
605258
605177
605068
603302
601686
601206
600891
600701
600677
600614
600485
300912
300911
300910
300909
300908
300907
300728
300646
300362
003021
003020
002720
002711
002710
002450
002359
002260
000995
000792
