000005
000009
000014
000016
000017
000023
000025
000029
000032
000036
000037
000039
000042
000045
000060
000063
000065
000068
000069
000096
000155
000166
000403
000404
000407
000409
000413
000423
000503
000506
000509
000520
000521
000530
000541
000545
000548
000553
000555
000559
000560
000563
000570
000571
000572
000573
000585
000589
000611
000615
000619
000622
000623
000628
000632
000633
000635
000651
000652
000655
000663
000665
000666
000667
000668
000671
000680
000681
000683
000685
000686
000692
000697
000698
000703
000709
000711
000712
000722
000726
000731
000735
000736
000739
000750
000756
000757
000759
000760
000762
000767
000768
000776
000783
000788
000791
000792
000797
000800
000802
000803
000806
000807
000816
000825
000835
000848
000856
000859
000875
000876
000880
000882
000886
000890
000898
000901
000903
000910
000919
000922
000923
000933
000935
000936
000951
000953
000961
000966
000973
000981
000982
000987
000997
000998
001696
001872
002001
002002
002008
002020
002026
002030
002032
002044
002045
002059
002061
002062
002065
002066
002071
002082
002086
002088
002089
002091
002100
002123
002124
002125
002128
002137
002144
002145
002146
002147
002148
002150
002152
002153
002156
002161
002164
002178
002179
002181
002185
002195
002199
002200
002203
002206
002207
002208
002216
002232
002240
002242
002252
002253
002261
002263
002267
002274
002278
002281
002288
002290
002293
002294
002301
002305
002306
002313
002317
002324
002327
002330
002333
002335
002339
002344
002346
002349
002352
002353
002358
002362
002365
002369
002371
002379
002387
002389
002392
002399
002401
002403
002404
002413
002418
002421
002423
002424
002432
002433
002434
002438
002439
002441
002442
002444
002445
002450
002460
002467
002475
002479
002490
002491
002493
002500
002505
002506
002516
002522
002523
002526
002527
002532
002534
002542
002543
002550
002551
002553
002555
002557
002560
002565
002566
002567
002569
002571
002572
002579
002581
002582
002588
002589
002598
002603
002605
002608
002611
002616
002620
002636
002642
002647
002660
002661
002664
002673
002677
002686
002692
002695
002697
002700
002701
002702
002708
002709
002715
002723
002729
002740
002741
002751
002756
002761
002763
002769
002770
002774
002788
002790
002791
002795
002796
002797
002798
002803
002807
002810
002811
002817
002818
002821
002822
002823
002827
002828
002835
002836
002839
002843
002846
002848
002849
002851
002852
002856
002857
002860
002865
002877
002883
002884
002885
002887
002890
002891
002896
002897
002898
002900
002902
002907
002909
002910
002911
002917
002921
002923
002928
002930
002931
002940
002946
002949
002960
002966
002967
002975
003816
300006
300008
300013
300016
300019
300020
300024
300025
300032
300033
300039
300042
300048
300054
300063
300075
300077
300086
300087
300088
300089
300101
300106
300111
300114
300123
300143
300162
300164
300165
300167
300182
300183
300187
300195
300196
300201
300208
300219
300220
300228
300229
300235
300239
300241
300250
300255
300263
300266
300267
300269
300270
300282
300288
300290
300292
300294
300297
300302
300306
300308
300312
300315
300317
300328
300332
300333
300342
300349
300351
300357
300366
300369
300370
300373
300374
300376
300378
300380
300384
300392
300396
300408
300423
300424
300427
300429
300431
300436
300443
300447
300454
300455
300464
300475
300482
300484
300485
300498
300499
300504
300506
300511
300513
300514
300528
300536
300538
300540
300545
300547
300548
300549
300553
300555
300560
300563
300565
300566
300567
300568
300575
300578
300582
300583
300584
300587
300588
300590
300591
300597
300608
300615
300630
300637
300639
300640
300644
300652
300653
300660
300661
300665
300667
300669
300671
300676
300677
300682
300688
300692
300699
300705
300710
300711
300724
300735
300741
300742
300743
300747
300748
300752
300757
300759
300763
300768
300771
300776
300778
300783
300785
300786
300789
300795
300800
300810
300816
600000
600020
600023
600027
600029
600054
600058
600059
600063
600067
600075
600078
600082
600083
600084
600085
600088
600089
600091
600096
600120
600122
600129
600130
600155
600161
600167
600168
600171
600179
600186
600192
600199
600203
600206
600207
600210
600222
600223
600241
600246
600247
600251
600258
600259
600266
600269
600275
600276
600278
600281
600283
600285
600292
600306
600315
600319
600321
600332
600335
600351
600352
600354
600372
600375
600382
600385
600388
600389
600408
600410
600415
600419
600420
600433
600436
600439
600444
600446
600449
600461
600477
600479
600480
600486
600487
600490
600498
600502
600507
600510
600515
600520
600527
600528
600531
600547
600559
600571
600587
600593
600611
600612
600613
600619
600621
600628
600629
600630
600636
600638
600641
600650
600652
600655
600662
600663
600675
600681
600682
600690
600697
600699
600705
600710
600712
600727
600730
600731
600733
600735
600740
600746
600750
600753
600754
600755
600760
600769
600774
600777
600782
600783
600785
600789
600793
600794
600800
600811
600814
600821
600825
600826
600831
600837
600841
600843
600846
600847
600850
600861
600862
600865
600867
600872
600880
600887
600890
600893
600898
600903
600909
600917
600928
600933
600936
600958
600962
600963
600969
600971
600976
600981
600987
600989
600996
601001
601006
601008
601009
601010
601018
601019
601028
601038
601066
601069
601086
601100
601117
601128
601168
601199
601222
601225
601228
601231
601258
601288
601311
601319
601330
601336
601360
601368
601375
601555
601558
601567
601598
601599
601601
601608
601633
601636
601717
601727
601800
601872
601882
601901
601933
601939
601952
601985
601992
603000
603002
603013
603015
603020
603025
603028
603039
603056
603059
603063
603069
603090
603093
603100
603105
603117
603123
603156
603161
603183
603192
603203
603208
603217
603218
603228
603229
603236
603239
603256
603260
603266
603269
603289
603313
603317
603319
603320
603321
603328
603330
603331
603332
603333
603338
603356
603387
603393
603429
603444
603466
603496
603518
603519
603536
603538
603558
603559
603567
603578
603580
603583
603587
603590
603596
603606
603609
603612
603613
603615
603619
603633
603639
603656
603658
603661
603663
603685
603697
603703
603706
603708
603709
603718
603733
603738
603739
603766
603786
603787
603798
603811
603813
603816
603818
603829
603838
603848
603856
603861
603867
603887
603898
603899
603912
603919
603922
603937
603958
603959
603960
603966
603980
603985
603991
603996
603999
688001
688002
688003
688005
688006
688007
688008
688009
688010
688011
688012
688015
688016
688018
688019
688020
688021
688022
688023
688025
688026
688028
688029
688030
688033
688036
688037
688039
688058
688066
688068
688078
688080
688081
688088
688089
688098
688099
688100
688101
688108
688111
688116
688118
688122
688123
688128
688138
688139
688158
688159
688166
688168
688178
688181
688186
688188
688196
688198
688199
688202
688218
688258
688266
688268
688278
688288
688298
688299
688300
688310
688321
688333
688357
688358
688363
688366
688368
688369
688388
688389
688398
688399
000005
000009
000014
000016
000017
000023
000025
000029
000032
000036
000037
000039
000042
000045
000060
000063
000065
000068
000069
000096
000155
000166
000403
000404
000407
000409
000413
000423
000503
000506
000509
000520
000521
000530
000541
000545
000548
000553
000555
000559
000560
000563
000570
000571
000572
000573
000585
000589
000611
000615
000619
000622
000623
000628
000632
000633
000635
000651
000652
000655
000663
000665
000666
000667
000668
000671
000680
000681
000683
000685
000686
000692
000697
000698
000703
000709
000711
000712
000722
000726
000731
000735
000736
000739
000750
000756
000757
000759
000760
000762
000767
000768
000776
000783
000788
000791
000792
000797
000800
000802
000803
000806
000807
000816
000825
000835
000848
000856
000859
000875
000876
000880
000882
000886
000890
000898
000901
000903
000910
000919
000922
000923
000933
000935
000936
000951
000953
000961
000966
000973
000981
000982
000987
000997
000998
001696
001872
002001
002002
002008
002020
002026
002030
002032
002044
002045
002059
002061
002062
002065
002066
002071
002082
002086
002088
002089
002091
002100
002123
002124
002125
002128
002137
002144
002145
002146
002147
002148
002150
002152
002153
002156
002161
002164
002178
002179
002181
002185
002195
002199
002200
002203
002206
002207
002208
002216
002232
002240
002242
002252
002253
002261
002263
002267
002274
002278
002281
002288
002290
002293
002294
002301
002305
002306
002313
002317
002324
002327
002330
002333
002335
002339
002344
002346
002349
002352
002353
002358
002362
002365
002369
002371
002379
002387
002389
002392
002399
002401
002403
002404
002413
002418
002421
002423
002424
002432
002433
002434
002438
002439
002441
002442
002444
002445
002450
002460
002467
002475
002479
002490
002491
002493
002500
002505
002506
002516
002522
002523
002526
002527
002532
002534
002542
002543
002550
002551
002553
002555
002557
002560
002565
002566
002567
002569
002571
002572
002579
002581
002582
002588
002589
002598
002603
002605
002608
002611
002616
002620
002636
002642
002647
002660
002661
002664
002673
002677
002686
002692
002695
002697
002700
002701
002702
002708
002709
002715
002723
002729
002740
002741
002751
002756
002761
002763
002769
002770
002774
002788
002790
002791
002795
002796
002797
002798
002803
002807
002810
002811
002817
002818
002821
002822
002823
002827
002828
002835
002836
002839
002843
002846
002848
002849
002851
002852
002856
002857
002860
002865
002877
002883
002884
002885
002887
002890
002891
002896
002897
002898
002900
002902
002907
002909
002910
002911
002917
002921
002923
002928
002930
002931
002940
002946
002949
002960
002966
002967
002975
003816
300006
300008
300013
300016
300019
300020
300024
300025
300032
300033
300039
300042
300048
300054
300063
300075
300077
300086
300087
300088
300089
300101
300106
300111
300114
300123
300143
300162
300164
300165
300167
300182
300183
300187
300195
300196
300201
300208
300219
300220
300228
300229
300235
300239
300241
300250
300255
300263
300266
300267
300269
300270
300282
300288
300290
300292
300294
300297
300302
300306
300308
300312
300315
300317
300328
300332
300333
300342
300349
300351
300357
300366
300369
300370
300373
300374
300376
300378
300380
300384
300392
300396
300408
300423
300424
300427
300429
300431
300436
300443
300447
300454
300455
300464
300475
300482
300484
300485
300498
300499
300504
300506
300511
300513
300514
300528
300536
300538
300540
300545
300547
300548
300549
300553
300555
300560
300563
300565
300566
300567
300568
300575
300578
300582
300583
300584
300587
300588
300590
300591
300597
300608
300615
300630
300637
300639
300640
300644
300652
300653
300660
300661
300665
300667
300669
300671
300676
300677
300682
300688
300692
300699
300705
300710
300711
300724
300735
300741
300742
300743
300747
300748
300752
300757
300759
300763
300768
300771
300776
300778
300783
300785
300786
300789
300795
300800
300810
300816
600000
600020
600023
600027
600029
600054
600058
600059
600063
600067
600075
600078
600082
600083
600084
600085
600088
600089
600091
600096
600120
600122
600129
600130
600155
600161
600167
600168
600171
600179
600186
600192
600199
600203
600206
600207
600210
600222
600223
600241
600246
600247
600251
600258
600259
600266
600269
600275
600276
600278
600281
600283
600285
600292
600306
600315
600319
600321
600332
600335
600351
600352
600354
600372
600375
600382
600385
600388
600389
600408
600410
600415
600419
600420
600433
600436
600439
600444
600446
600449
600461
600477
600479
600480
600486
600487
600490
600498
600502
600507
600510
600515
600520
600527
600528
600531
600547
600559
600571
600587
600593
600611
600612
600613
600619
600621
600628
600629
600630
600636
600638
600641
600650
600652
600655
600662
600663
600675
600681
600682
600690
600697
600699
600705
600710
600712
600727
600730
600731
600733
600735
600740
600746
600750
600753
600754
600755
600760
600769
600774
600777
600782
600783
600785
600789
600793
600794
600800
600811
600814
600821
600825
600826
600831
600837
600841
600843
600846
600847
600850
600861
600862
600865
600867
600872
600880
600887
600890
600893
600898
600903
600909
600917
600928
600933
600936
600958
600962
600963
600969
600971
600976
600981
600987
600989
600996
601001
601006
601008
601009
601010
601018
601019
601028
601038
601066
601069
601086
601100
601117
601128
601168
601199
601222
601225
601228
601231
601258
601288
601311
601319
601330
601336
601360
601368
601375
601555
601558
601567
601598
601599
601601
601608
601633
601636
601717
601727
601800
601872
601882
601901
601933
601939
601952
601985
601992
603000
603002
603013
603015
603020
603025
603028
603039
603056
603059
603063
603069
603090
603093
603100
603105
603117
603123
603156
603161
603183
603192
603203
603208
603217
603218
603228
603229
603236
603239
603256
603260
603266
603269
603289
603313
603317
603319
603320
603321
603328
603330
603331
603332
603333
603338
603356
603387
603393
603429
603444
603466
603496
603518
603519
603536
603538
603558
603559
603567
603578
603580
603583
603587
603590
603596
603606
603609
603612
603613
603615
603619
603633
603639
603656
603658
603661
603663
603685
603697
603703
603706
603708
603709
603718
603733
603738
603739
603766
603786
603787
603798
603811
603813
603816
603818
603829
603838
603848
603856
603861
603867
603887
603898
603899
603912
603919
603922
603937
603958
603959
603960
603966
603980
603985
603991
603996
603999
688001
688002
688003
688005
688006
688007
688008
688009
688010
688011
688012
688015
688016
688018
688019
688020
688021
688022
688023
688025
688026
688028
688029
688030
688033
688036
688037
688039
688058
688066
688068
688078
688080
688081
688088
688089
688098
688099
688100
688101
688108
688111
688116
688118
688122
688123
688128
688138
688139
688158
688159
688166
688168
688178
688181
688186
688188
688196
688198
688199
688202
688218
688258
688266
688268
688278
688288
688298
688299
688300
688310
688321
688333
688357
688358
688363
688366
688368
688369
688388
688389
688398
688399
