000007
000027
000034
000063
000078
000153
000155
000156
000157
000166
000333
000338
000408
000413
000416
000420
000425
000517
000518
000541
000550
000570
000572
000597
000601
000603
000635
000651
000656
000661
000665
000668
000671
000677
000700
000703
000708
000710
000716
000722
000727
000729
000750
000756
000757
000758
000783
000786
000788
000793
000799
000800
000807
000811
000815
000816
000818
000821
000828
000860
000861
000862
000868
000882
000890
000897
000898
000903
000906
000909
000910
000917
000919
000933
000936
000938
000949
000950
000953
000957
000960
000961
000972
000977
000981
000982
002001
002005
002009
002010
002020
002035
002037
002038
002053
002065
002074
002077
002081
002082
002085
002089
002107
002111
002113
002115
002123
002125
002129
002134
002137
002145
002150
002153
002155
002158
002159
002161
002165
002166
002180
002181
002191
002195
002198
002200
002206
002207
002208
002210
002212
002213
002217
002223
002224
002225
002227
002237
002238
002240
002242
002245
002254
002258
002259
002264
002268
002274
002278
002279
002281
002283
002287
002301
002315
002316
002318
002324
002326
002331
002346
002352
002353
002385
002389
002391
002404
002405
002407
002409
002410
002420
002422
002427
002429
002430
002433
002435
002436
002439
002440
002441
002445
002449
002453
002467
002483
002489
002493
002504
002507
002508
002519
002529
002532
002534
002541
002545
002549
002557
002560
002563
002569
002570
002571
002574
002578
002579
002581
002582
002586
002589
002591
002594
002595
002603
002609
002612
002621
002629
002639
002642
002647
002648
002649
002651
002653
002657
002660
002661
002675
002677
002679
002683
002684
002692
002695
002701
002702
002709
002715
002716
002723
002725
002734
002739
002740
002749
002751
002753
002762
002763
002769
002773
002790
002792
002793
002796
002798
002799
002805
002806
002810
002821
002823
002826
002827
002837
002841
002849
002850
002851
002853
002857
002860
002864
002865
002867
002868
002869
002870
002879
002885
002886
002890
002891
002897
002901
002907
002913
002918
002926
002931
002939
002940
002942
002945
002950
002952
002955
002963
002966
002967
002969
002971
002973
300001
300003
300005
300006
300010
300015
300019
300022
300025
300026
300032
300033
300038
300049
300066
300075
300077
300083
300084
300086
300087
300096
300100
300101
300105
300111
300122
300132
300138
300142
300143
300145
300147
300149
300157
300163
300168
300170
300175
300179
300182
300188
300194
300195
300196
300219
300220
300229
300231
300244
300246
300248
300253
300255
300260
300264
300268
300269
300270
300290
300291
300292
300297
300298
300304
300306
300311
300312
300316
300318
300324
300327
300336
300342
300343
300346
300347
300348
300349
300351
300357
300369
300376
300378
300384
300386
300396
300406
300408
300417
300419
300423
300424
300425
300427
300428
300441
300443
300447
300449
300451
300452
300454
300456
300457
300459
300465
300467
300471
300482
300485
300491
300493
300496
300499
300500
300502
300504
300509
300513
300525
300529
300530
300541
300545
300547
300550
300552
300556
300558
300566
300567
300568
300569
300577
300578
300580
300582
300584
300585
300588
300590
300591
300595
300601
300602
300603
300604
300605
300606
300617
300621
300623
300624
300633
300634
300637
300638
300639
300640
300641
300644
300652
300653
300659
300661
300665
300669
300671
300672
300676
300677
300679
300680
300683
300685
300686
300687
300690
300693
300696
300697
300699
300703
300705
300708
300711
300715
300725
300731
300732
300741
300749
300753
300759
300763
300767
300768
300770
300776
300777
300782
300783
300785
300791
300792
300800
300809
300812
300813
600006
600019
600030
600037
600039
600052
600055
600060
600061
600066
600084
600085
600088
600094
600095
600100
600114
600118
600122
600129
600136
600138
600157
600158
600160
600161
600179
600186
600193
600195
600203
600206
600207
600211
600213
600215
600222
600232
600233
600246
600258
600267
600275
600276
600278
600284
600285
600306
600311
600315
600319
600321
600326
600327
600329
600332
600340
600346
600354
600361
600367
600369
600375
600390
600393
600396
600408
600415
600418
600421
600433
600436
600449
600461
600477
600486
600489
600490
600491
600497
600498
600510
600513
600515
600517
600526
600531
600535
600546
600547
600548
600563
600570
600571
600583
600585
600588
600589
600594
600595
600599
600600
600612
600613
600615
600620
600630
600636
600637
600638
600652
600653
600658
600662
600665
600673
600676
600686
600688
600698
600699
600701
600724
600726
600733
600735
600754
600760
600763
600764
600766
600768
600769
600771
600781
600783
600789
600793
600801
600808
600811
600812
600814
600816
600818
600821
600826
600837
600845
600847
600850
600861
600862
600864
600865
600871
600874
600890
600897
600928
600929
600958
600959
600966
600967
600978
600988
600993
600997
600998
601012
601028
601038
601058
601066
601068
601086
601088
601100
601108
601117
601128
601138
601162
601168
601177
601198
601222
601233
601318
601360
601366
601375
601398
601500
601555
601558
601567
601601
601633
601658
601717
601789
601808
601828
601878
601882
601899
601901
601928
601933
601958
601965
601968
603000
603002
603005
603006
603009
603013
603015
603016
603018
603019
603039
603041
603043
603050
603053
603056
603063
603078
603099
603113
603117
603123
603133
603138
603156
603158
603160
603167
603189
603196
603208
603217
603218
603220
603225
603226
603228
603233
603239
603259
603266
603268
603277
603279
603283
603286
603288
603300
603313
603317
603326
603331
603332
603333
603338
603345
603358
603359
603365
603367
603377
603378
603379
603385
603416
603429
603444
603456
603489
603496
603501
603505
603507
603518
603520
603527
603536
603557
603558
603567
603583
603586
603587
603590
603596
603598
603600
603605
603606
603608
603610
603613
603633
603650
603657
603676
603677
603679
603680
603688
603689
603698
603700
603701
603707
603709
603716
603718
603727
603733
603738
603758
603768
603779
603786
603787
603789
603797
603801
603808
603809
603816
603826
603833
603839
603848
603877
603883
603887
603888
603896
603898
603901
603916
603918
603929
603937
603966
603977
603989
603997
603999
688001
688002
688003
688005
688006
688007
688008
688009
688010
688011
688012
688015
688016
688018
688019
688020
688021
688022
688023
688025
688028
688029
688030
688033
688036
688037
688039
688058
688066
688068
688078
688081
688088
688089
688098
688099
688101
688108
688111
688116
688118
688122
688123
688128
688138
688139
688166
688168
688178
688181
688188
688196
688198
688199
688202
688218
688258
688278
688288
688299
688300
688310
688321
688333
688357
688358
688363
688366
688368
688369
688388
688389
688399
